schema_version	experiment_id	profile	phase	workload_id	logical_request_id	attempt_id	activation_id	event_code	event_seq	clock_domain	timestamp_value	timestamp_unit	node	process	pid	status
c5-timing-event-v1	C5	native	measured	dynamic-html-derived-v1	1	1	d0d94a8183344ae6994a8183348ae6e8	N400	400	node_monotonic_same_invocation	709384532383	ns	db7517d89754	native_action	8	started
c5-timing-event-v1	C5	native	measured	dynamic-html-derived-v1	1	1	d0d94a8183344ae6994a8183348ae6e8	NW400	410	node_monotonic_same_invocation	709384540563	ns	db7517d89754	native_action	8	started
c5-timing-event-v1	C5	native	measured	dynamic-html-derived-v1	1	1	d0d94a8183344ae6994a8183348ae6e8	NW410	420	node_monotonic_same_invocation	709394139226	ns	db7517d89754	native_action	8	completed
c5-timing-event-v1	C5	native	measured	dynamic-html-derived-v1	1	1	d0d94a8183344ae6994a8183348ae6e8	N410	430	node_monotonic_same_invocation	709394146607	ns	db7517d89754	native_action	8	completed
c5-timing-event-v1	C5	native	measured	dynamic-html-derived-v1	2	1	97b86a724d4d462bb86a724d4da62bf9	N400	400	node_monotonic_same_invocation	709300426360	ns	db7517d89754	native_action	8	started
c5-timing-event-v1	C5	native	measured	dynamic-html-derived-v1	2	1	97b86a724d4d462bb86a724d4da62bf9	NW400	410	node_monotonic_same_invocation	709300451431	ns	db7517d89754	native_action	8	started
c5-timing-event-v1	C5	native	measured	dynamic-html-derived-v1	2	1	97b86a724d4d462bb86a724d4da62bf9	NW410	420	node_monotonic_same_invocation	709314542914	ns	db7517d89754	native_action	8	completed
c5-timing-event-v1	C5	native	measured	dynamic-html-derived-v1	2	1	97b86a724d4d462bb86a724d4da62bf9	N410	430	node_monotonic_same_invocation	709314564298	ns	db7517d89754	native_action	8	completed
c5-timing-event-v1	C5	native	measured	dynamic-html-derived-v1	3	1	006c523936134fe8ac523936139fe8de	N400	400	node_monotonic_same_invocation	709346794553	ns	db7517d89754	native_action	8	started
c5-timing-event-v1	C5	native	measured	dynamic-html-derived-v1	3	1	006c523936134fe8ac523936139fe8de	NW400	410	node_monotonic_same_invocation	709346899836	ns	db7517d89754	native_action	8	started
c5-timing-event-v1	C5	native	measured	dynamic-html-derived-v1	3	1	006c523936134fe8ac523936139fe8de	NW410	420	node_monotonic_same_invocation	709367402882	ns	db7517d89754	native_action	8	completed
c5-timing-event-v1	C5	native	measured	dynamic-html-derived-v1	3	1	006c523936134fe8ac523936139fe8de	N410	430	node_monotonic_same_invocation	709367422633	ns	db7517d89754	native_action	8	completed
c5-timing-event-v1	C5	native	measured	dynamic-html-derived-v1	4	1	3d4068895e8644548068895e861454b0	N400	400	node_monotonic_same_invocation	709414876024	ns	db7517d89754	native_action	8	started
c5-timing-event-v1	C5	native	measured	dynamic-html-derived-v1	4	1	3d4068895e8644548068895e861454b0	NW400	410	node_monotonic_same_invocation	709414884151	ns	db7517d89754	native_action	8	started
c5-timing-event-v1	C5	native	measured	dynamic-html-derived-v1	4	1	3d4068895e8644548068895e861454b0	NW410	420	node_monotonic_same_invocation	709426243635	ns	db7517d89754	native_action	8	completed
c5-timing-event-v1	C5	native	measured	dynamic-html-derived-v1	4	1	3d4068895e8644548068895e861454b0	N410	430	node_monotonic_same_invocation	709426251867	ns	db7517d89754	native_action	8	completed
c5-timing-event-v1	C5	native	measured	dynamic-html-derived-v1	5	1	88c7c030ca8844e387c030ca8874e3a0	N400	400	node_monotonic_same_invocation	709469298156	ns	db7517d89754	native_action	8	started
c5-timing-event-v1	C5	native	measured	dynamic-html-derived-v1	5	1	88c7c030ca8844e387c030ca8874e3a0	NW400	410	node_monotonic_same_invocation	709469306122	ns	db7517d89754	native_action	8	started
c5-timing-event-v1	C5	native	measured	dynamic-html-derived-v1	5	1	88c7c030ca8844e387c030ca8874e3a0	NW410	420	node_monotonic_same_invocation	709483867774	ns	db7517d89754	native_action	8	completed
c5-timing-event-v1	C5	native	measured	dynamic-html-derived-v1	5	1	88c7c030ca8844e387c030ca8874e3a0	N410	430	node_monotonic_same_invocation	709483875346	ns	db7517d89754	native_action	8	completed
c5-timing-event-v1	C5	native	measured	dynamic-html-derived-v1	6	1	57551074b5d64762951074b5d6b76258	N400	400	node_monotonic_same_invocation	709499155485	ns	db7517d89754	native_action	8	started
c5-timing-event-v1	C5	native	measured	dynamic-html-derived-v1	6	1	57551074b5d64762951074b5d6b76258	NW400	410	node_monotonic_same_invocation	709499161638	ns	db7517d89754	native_action	8	started
c5-timing-event-v1	C5	native	measured	dynamic-html-derived-v1	6	1	57551074b5d64762951074b5d6b76258	NW410	420	node_monotonic_same_invocation	709512767455	ns	db7517d89754	native_action	8	completed
c5-timing-event-v1	C5	native	measured	dynamic-html-derived-v1	6	1	57551074b5d64762951074b5d6b76258	N410	430	node_monotonic_same_invocation	709512774844	ns	db7517d89754	native_action	8	completed
c5-timing-event-v1	C5	native	measured	dynamic-html-derived-v1	7	1	86e8b720fbd84aaba8b720fbd8eaab0e	N400	400	node_monotonic_same_invocation	709550095944	ns	db7517d89754	native_action	8	started
c5-timing-event-v1	C5	native	measured	dynamic-html-derived-v1	7	1	86e8b720fbd84aaba8b720fbd8eaab0e	NW400	410	node_monotonic_same_invocation	709550104159	ns	db7517d89754	native_action	8	started
c5-timing-event-v1	C5	native	measured	dynamic-html-derived-v1	7	1	86e8b720fbd84aaba8b720fbd8eaab0e	NW410	420	node_monotonic_same_invocation	709562369004	ns	db7517d89754	native_action	8	completed
c5-timing-event-v1	C5	native	measured	dynamic-html-derived-v1	7	1	86e8b720fbd84aaba8b720fbd8eaab0e	N410	430	node_monotonic_same_invocation	709562376699	ns	db7517d89754	native_action	8	completed
c5-timing-event-v1	C5	native	measured	dynamic-html-derived-v1	8	1	81a999fc72b44f05a999fc72b46f0524	N400	400	node_monotonic_same_invocation	709591270533	ns	db7517d89754	native_action	8	started
c5-timing-event-v1	C5	native	measured	dynamic-html-derived-v1	8	1	81a999fc72b44f05a999fc72b46f0524	NW400	410	node_monotonic_same_invocation	709591276468	ns	db7517d89754	native_action	8	started
c5-timing-event-v1	C5	native	measured	dynamic-html-derived-v1	8	1	81a999fc72b44f05a999fc72b46f0524	NW410	420	node_monotonic_same_invocation	709600743411	ns	db7517d89754	native_action	8	completed
c5-timing-event-v1	C5	native	measured	dynamic-html-derived-v1	8	1	81a999fc72b44f05a999fc72b46f0524	N410	430	node_monotonic_same_invocation	709600750740	ns	db7517d89754	native_action	8	completed
c5-timing-event-v1	C5	native	measured	dynamic-html-derived-v1	9	1	efd6c2611e7e4e6596c2611e7e4e65f5	N400	400	node_monotonic_same_invocation	706786787033	ns	412815d5a6fc	native_action	8	started
c5-timing-event-v1	C5	native	measured	dynamic-html-derived-v1	9	1	efd6c2611e7e4e6596c2611e7e4e65f5	NW400	410	node_monotonic_same_invocation	706786933174	ns	412815d5a6fc	native_action	8	started
c5-timing-event-v1	C5	native	measured	dynamic-html-derived-v1	9	1	efd6c2611e7e4e6596c2611e7e4e65f5	NW410	420	node_monotonic_same_invocation	706816738079	ns	412815d5a6fc	native_action	8	completed
c5-timing-event-v1	C5	native	measured	dynamic-html-derived-v1	9	1	efd6c2611e7e4e6596c2611e7e4e65f5	N410	430	node_monotonic_same_invocation	706816768223	ns	412815d5a6fc	native_action	8	completed
c5-timing-event-v1	C5	native	measured	dynamic-html-derived-v1	10	1	ce303cb69db34ca2b03cb69db3dca218	N400	400	node_monotonic_same_invocation	709647767100	ns	db7517d89754	native_action	8	started
c5-timing-event-v1	C5	native	measured	dynamic-html-derived-v1	10	1	ce303cb69db34ca2b03cb69db3dca218	NW400	410	node_monotonic_same_invocation	709647775115	ns	db7517d89754	native_action	8	started
c5-timing-event-v1	C5	native	measured	dynamic-html-derived-v1	10	1	ce303cb69db34ca2b03cb69db3dca218	NW410	420	node_monotonic_same_invocation	709663880371	ns	db7517d89754	native_action	8	completed
c5-timing-event-v1	C5	native	measured	dynamic-html-derived-v1	10	1	ce303cb69db34ca2b03cb69db3dca218	N410	430	node_monotonic_same_invocation	709663888115	ns	db7517d89754	native_action	8	completed
c5-timing-event-v1	C5	native	measured	dynamic-html-derived-v1	11	1	dcde312c5d6f432b9e312c5d6f732b32	N400	400	node_monotonic_same_invocation	709679171624	ns	db7517d89754	native_action	8	started
c5-timing-event-v1	C5	native	measured	dynamic-html-derived-v1	11	1	dcde312c5d6f432b9e312c5d6f732b32	NW400	410	node_monotonic_same_invocation	709679177636	ns	db7517d89754	native_action	8	started
c5-timing-event-v1	C5	native	measured	dynamic-html-derived-v1	11	1	dcde312c5d6f432b9e312c5d6f732b32	NW410	420	node_monotonic_same_invocation	709688698094	ns	db7517d89754	native_action	8	completed
c5-timing-event-v1	C5	native	measured	dynamic-html-derived-v1	11	1	dcde312c5d6f432b9e312c5d6f732b32	N410	430	node_monotonic_same_invocation	709688704922	ns	db7517d89754	native_action	8	completed
c5-timing-event-v1	C5	native	measured	dynamic-html-derived-v1	12	1	f931d032ed3f4eb9b1d032ed3f2eb949	N400	400	node_monotonic_same_invocation	709740452543	ns	db7517d89754	native_action	8	started
c5-timing-event-v1	C5	native	measured	dynamic-html-derived-v1	12	1	f931d032ed3f4eb9b1d032ed3f2eb949	NW400	410	node_monotonic_same_invocation	709740460143	ns	db7517d89754	native_action	8	started
c5-timing-event-v1	C5	native	measured	dynamic-html-derived-v1	12	1	f931d032ed3f4eb9b1d032ed3f2eb949	NW410	420	node_monotonic_same_invocation	709750148503	ns	db7517d89754	native_action	8	completed
c5-timing-event-v1	C5	native	measured	dynamic-html-derived-v1	12	1	f931d032ed3f4eb9b1d032ed3f2eb949	N410	430	node_monotonic_same_invocation	709750156073	ns	db7517d89754	native_action	8	completed
c5-timing-event-v1	C5	native	measured	dynamic-html-derived-v1	13	1	68f180a2df524b43b180a2df521b4375	N400	400	node_monotonic_same_invocation	709766781641	ns	db7517d89754	native_action	8	started
c5-timing-event-v1	C5	native	measured	dynamic-html-derived-v1	13	1	68f180a2df524b43b180a2df521b4375	NW400	410	node_monotonic_same_invocation	709766788965	ns	db7517d89754	native_action	8	started
c5-timing-event-v1	C5	native	measured	dynamic-html-derived-v1	13	1	68f180a2df524b43b180a2df521b4375	NW410	420	node_monotonic_same_invocation	709777518044	ns	db7517d89754	native_action	8	completed
c5-timing-event-v1	C5	native	measured	dynamic-html-derived-v1	13	1	68f180a2df524b43b180a2df521b4375	N410	430	node_monotonic_same_invocation	709777526159	ns	db7517d89754	native_action	8	completed
c5-timing-event-v1	C5	native	measured	dynamic-html-derived-v1	14	1	1b0912d0497b4cd58912d0497b8cd5fa	N400	400	node_monotonic_same_invocation	709847588809	ns	db7517d89754	native_action	8	started
c5-timing-event-v1	C5	native	measured	dynamic-html-derived-v1	14	1	1b0912d0497b4cd58912d0497b8cd5fa	NW400	410	node_monotonic_same_invocation	709847596153	ns	db7517d89754	native_action	8	started
c5-timing-event-v1	C5	native	measured	dynamic-html-derived-v1	14	1	1b0912d0497b4cd58912d0497b8cd5fa	NW410	420	node_monotonic_same_invocation	709858230482	ns	db7517d89754	native_action	8	completed
c5-timing-event-v1	C5	native	measured	dynamic-html-derived-v1	14	1	1b0912d0497b4cd58912d0497b8cd5fa	N410	430	node_monotonic_same_invocation	709858238309	ns	db7517d89754	native_action	8	completed
c5-timing-event-v1	C5	native	measured	dynamic-html-derived-v1	15	1	cc2ff3b5a73447fdaff3b5a73447fd6d	N400	400	node_monotonic_same_invocation	709880877474	ns	db7517d89754	native_action	8	started
c5-timing-event-v1	C5	native	measured	dynamic-html-derived-v1	15	1	cc2ff3b5a73447fdaff3b5a73447fd6d	NW400	410	node_monotonic_same_invocation	709880883550	ns	db7517d89754	native_action	8	started
c5-timing-event-v1	C5	native	measured	dynamic-html-derived-v1	15	1	cc2ff3b5a73447fdaff3b5a73447fd6d	NW410	420	node_monotonic_same_invocation	709890449770	ns	db7517d89754	native_action	8	completed
c5-timing-event-v1	C5	native	measured	dynamic-html-derived-v1	15	1	cc2ff3b5a73447fdaff3b5a73447fd6d	N410	430	node_monotonic_same_invocation	709890457039	ns	db7517d89754	native_action	8	completed
c5-timing-event-v1	C5	native	measured	dynamic-html-derived-v1	16	1	1c4121af7ddb47f88121af7ddbf7f8c0	N400	400	node_monotonic_same_invocation	709931083800	ns	db7517d89754	native_action	8	started
c5-timing-event-v1	C5	native	measured	dynamic-html-derived-v1	16	1	1c4121af7ddb47f88121af7ddbf7f8c0	NW400	410	node_monotonic_same_invocation	709931090067	ns	db7517d89754	native_action	8	started
c5-timing-event-v1	C5	native	measured	dynamic-html-derived-v1	16	1	1c4121af7ddb47f88121af7ddbf7f8c0	NW410	420	node_monotonic_same_invocation	709940579590	ns	db7517d89754	native_action	8	completed
c5-timing-event-v1	C5	native	measured	dynamic-html-derived-v1	16	1	1c4121af7ddb47f88121af7ddbf7f8c0	N410	430	node_monotonic_same_invocation	709940587462	ns	db7517d89754	native_action	8	completed
c5-timing-event-v1	C5	native	measured	dynamic-html-derived-v1	17	1	2dd7bad2a33c49b797bad2a33cd9b792	N400	400	node_monotonic_same_invocation	709974008105	ns	db7517d89754	native_action	8	started
c5-timing-event-v1	C5	native	measured	dynamic-html-derived-v1	17	1	2dd7bad2a33c49b797bad2a33cd9b792	NW400	410	node_monotonic_same_invocation	709974014395	ns	db7517d89754	native_action	8	started
c5-timing-event-v1	C5	native	measured	dynamic-html-derived-v1	17	1	2dd7bad2a33c49b797bad2a33cd9b792	NW410	420	node_monotonic_same_invocation	709983494675	ns	db7517d89754	native_action	8	completed
c5-timing-event-v1	C5	native	measured	dynamic-html-derived-v1	17	1	2dd7bad2a33c49b797bad2a33cd9b792	N410	430	node_monotonic_same_invocation	709983502191	ns	db7517d89754	native_action	8	completed
c5-timing-event-v1	C5	native	measured	dynamic-html-derived-v1	18	1	4f4cda50ed6b44af8cda50ed6b94af5e	N400	400	node_monotonic_same_invocation	710043432046	ns	db7517d89754	native_action	8	started
c5-timing-event-v1	C5	native	measured	dynamic-html-derived-v1	18	1	4f4cda50ed6b44af8cda50ed6b94af5e	NW400	410	node_monotonic_same_invocation	710043438309	ns	db7517d89754	native_action	8	started
c5-timing-event-v1	C5	native	measured	dynamic-html-derived-v1	18	1	4f4cda50ed6b44af8cda50ed6b94af5e	NW410	420	node_monotonic_same_invocation	710052982983	ns	db7517d89754	native_action	8	completed
c5-timing-event-v1	C5	native	measured	dynamic-html-derived-v1	18	1	4f4cda50ed6b44af8cda50ed6b94af5e	N410	430	node_monotonic_same_invocation	710052990335	ns	db7517d89754	native_action	8	completed
c5-timing-event-v1	C5	native	measured	dynamic-html-derived-v1	19	1	bbc5b20a49734c2085b20a49735c2007	N400	400	node_monotonic_same_invocation	707005425165	ns	412815d5a6fc	native_action	8	started
c5-timing-event-v1	C5	native	measured	dynamic-html-derived-v1	19	1	bbc5b20a49734c2085b20a49735c2007	NW400	410	node_monotonic_same_invocation	707005457784	ns	412815d5a6fc	native_action	8	started
c5-timing-event-v1	C5	native	measured	dynamic-html-derived-v1	19	1	bbc5b20a49734c2085b20a49735c2007	NW410	420	node_monotonic_same_invocation	707015656307	ns	412815d5a6fc	native_action	8	completed
c5-timing-event-v1	C5	native	measured	dynamic-html-derived-v1	19	1	bbc5b20a49734c2085b20a49735c2007	N410	430	node_monotonic_same_invocation	707015682069	ns	412815d5a6fc	native_action	8	completed
c5-timing-event-v1	C5	native	measured	dynamic-html-derived-v1	20	1	3a0e90b15df048988e90b15df0a898e7	N400	400	node_monotonic_same_invocation	710099513903	ns	db7517d89754	native_action	8	started
c5-timing-event-v1	C5	native	measured	dynamic-html-derived-v1	20	1	3a0e90b15df048988e90b15df0a898e7	NW400	410	node_monotonic_same_invocation	710099520416	ns	db7517d89754	native_action	8	started
c5-timing-event-v1	C5	native	measured	dynamic-html-derived-v1	20	1	3a0e90b15df048988e90b15df0a898e7	NW410	420	node_monotonic_same_invocation	710108931250	ns	db7517d89754	native_action	8	completed
c5-timing-event-v1	C5	native	measured	dynamic-html-derived-v1	20	1	3a0e90b15df048988e90b15df0a898e7	N410	430	node_monotonic_same_invocation	710108938235	ns	db7517d89754	native_action	8	completed
c5-timing-event-v1	C5	native	measured	dynamic-html-derived-v1	21	1	c391400f345c42fb91400f345c12fbe3	N400	400	node_monotonic_same_invocation	710157151630	ns	db7517d89754	native_action	8	started
c5-timing-event-v1	C5	native	measured	dynamic-html-derived-v1	21	1	c391400f345c42fb91400f345c12fbe3	NW400	410	node_monotonic_same_invocation	710157157674	ns	db7517d89754	native_action	8	started
c5-timing-event-v1	C5	native	measured	dynamic-html-derived-v1	21	1	c391400f345c42fb91400f345c12fbe3	NW410	420	node_monotonic_same_invocation	710166712528	ns	db7517d89754	native_action	8	completed
c5-timing-event-v1	C5	native	measured	dynamic-html-derived-v1	21	1	c391400f345c42fb91400f345c12fbe3	N410	430	node_monotonic_same_invocation	710166719963	ns	db7517d89754	native_action	8	completed
c5-timing-event-v1	C5	native	measured	dynamic-html-derived-v1	22	1	6074d52a9448442eb4d52a9448f42e38	N400	400	node_monotonic_same_invocation	710184965756	ns	db7517d89754	native_action	8	started
c5-timing-event-v1	C5	native	measured	dynamic-html-derived-v1	22	1	6074d52a9448442eb4d52a9448f42e38	NW400	410	node_monotonic_same_invocation	710184973336	ns	db7517d89754	native_action	8	started
c5-timing-event-v1	C5	native	measured	dynamic-html-derived-v1	22	1	6074d52a9448442eb4d52a9448f42e38	NW410	420	node_monotonic_same_invocation	710195487342	ns	db7517d89754	native_action	8	completed
c5-timing-event-v1	C5	native	measured	dynamic-html-derived-v1	22	1	6074d52a9448442eb4d52a9448f42e38	N410	430	node_monotonic_same_invocation	710195495278	ns	db7517d89754	native_action	8	completed
c5-timing-event-v1	C5	native	measured	dynamic-html-derived-v1	23	1	ccdc389b407d45ea9c389b407da5ea47	N400	400	node_monotonic_same_invocation	707148619164	ns	412815d5a6fc	native_action	8	started
c5-timing-event-v1	C5	native	measured	dynamic-html-derived-v1	23	1	ccdc389b407d45ea9c389b407da5ea47	NW400	410	node_monotonic_same_invocation	707148643532	ns	412815d5a6fc	native_action	8	started
c5-timing-event-v1	C5	native	measured	dynamic-html-derived-v1	23	1	ccdc389b407d45ea9c389b407da5ea47	NW410	420	node_monotonic_same_invocation	707158453773	ns	412815d5a6fc	native_action	8	completed
c5-timing-event-v1	C5	native	measured	dynamic-html-derived-v1	23	1	ccdc389b407d45ea9c389b407da5ea47	N410	430	node_monotonic_same_invocation	707158492188	ns	412815d5a6fc	native_action	8	completed
c5-timing-event-v1	C5	native	measured	dynamic-html-derived-v1	24	1	a80ca991d48a49f98ca991d48a79f997	N400	400	node_monotonic_same_invocation	710253467888	ns	db7517d89754	native_action	8	started
c5-timing-event-v1	C5	native	measured	dynamic-html-derived-v1	24	1	a80ca991d48a49f98ca991d48a79f997	NW400	410	node_monotonic_same_invocation	710253476128	ns	db7517d89754	native_action	8	started
c5-timing-event-v1	C5	native	measured	dynamic-html-derived-v1	24	1	a80ca991d48a49f98ca991d48a79f997	NW410	420	node_monotonic_same_invocation	710271237850	ns	db7517d89754	native_action	8	completed
c5-timing-event-v1	C5	native	measured	dynamic-html-derived-v1	24	1	a80ca991d48a49f98ca991d48a79f997	N410	430	node_monotonic_same_invocation	710271247573	ns	db7517d89754	native_action	8	completed
c5-timing-event-v1	C5	native	measured	dynamic-html-derived-v1	25	1	8a1152ea2414492e9152ea2414e92ec8	N400	400	node_monotonic_same_invocation	710293855646	ns	db7517d89754	native_action	8	started
c5-timing-event-v1	C5	native	measured	dynamic-html-derived-v1	25	1	8a1152ea2414492e9152ea2414e92ec8	NW400	410	node_monotonic_same_invocation	710293863449	ns	db7517d89754	native_action	8	started
c5-timing-event-v1	C5	native	measured	dynamic-html-derived-v1	25	1	8a1152ea2414492e9152ea2414e92ec8	NW410	420	node_monotonic_same_invocation	710307529581	ns	db7517d89754	native_action	8	completed
c5-timing-event-v1	C5	native	measured	dynamic-html-derived-v1	25	1	8a1152ea2414492e9152ea2414e92ec8	N410	430	node_monotonic_same_invocation	710307536910	ns	db7517d89754	native_action	8	completed
c5-timing-event-v1	C5	native	measured	dynamic-html-derived-v1	26	1	f83aae18dd2c43c8baae18dd2c83c877	N400	400	node_monotonic_same_invocation	707237833782	ns	412815d5a6fc	native_action	8	started
c5-timing-event-v1	C5	native	measured	dynamic-html-derived-v1	26	1	f83aae18dd2c43c8baae18dd2c83c877	NW400	410	node_monotonic_same_invocation	707237849235	ns	412815d5a6fc	native_action	8	started
c5-timing-event-v1	C5	native	measured	dynamic-html-derived-v1	26	1	f83aae18dd2c43c8baae18dd2c83c877	NW410	420	node_monotonic_same_invocation	707255390385	ns	412815d5a6fc	native_action	8	completed
c5-timing-event-v1	C5	native	measured	dynamic-html-derived-v1	26	1	f83aae18dd2c43c8baae18dd2c83c877	N410	430	node_monotonic_same_invocation	707255405455	ns	412815d5a6fc	native_action	8	completed
c5-timing-event-v1	C5	native	measured	dynamic-html-derived-v1	27	1	ae7e1a10b5fc4b7fbe1a10b5fceb7f95	N400	400	node_monotonic_same_invocation	710346117808	ns	db7517d89754	native_action	8	started
c5-timing-event-v1	C5	native	measured	dynamic-html-derived-v1	27	1	ae7e1a10b5fc4b7fbe1a10b5fceb7f95	NW400	410	node_monotonic_same_invocation	710346124007	ns	db7517d89754	native_action	8	started
c5-timing-event-v1	C5	native	measured	dynamic-html-derived-v1	27	1	ae7e1a10b5fc4b7fbe1a10b5fceb7f95	NW410	420	node_monotonic_same_invocation	710355732873	ns	db7517d89754	native_action	8	completed
c5-timing-event-v1	C5	native	measured	dynamic-html-derived-v1	27	1	ae7e1a10b5fc4b7fbe1a10b5fceb7f95	N410	430	node_monotonic_same_invocation	710355740173	ns	db7517d89754	native_action	8	completed
c5-timing-event-v1	C5	native	measured	dynamic-html-derived-v1	28	1	c44799d333834cec8799d333838cec83	N400	400	node_monotonic_same_invocation	710388843445	ns	db7517d89754	native_action	8	started
c5-timing-event-v1	C5	native	measured	dynamic-html-derived-v1	28	1	c44799d333834cec8799d333838cec83	NW400	410	node_monotonic_same_invocation	710388851495	ns	db7517d89754	native_action	8	started
c5-timing-event-v1	C5	native	measured	dynamic-html-derived-v1	28	1	c44799d333834cec8799d333838cec83	NW410	420	node_monotonic_same_invocation	710407425360	ns	db7517d89754	native_action	8	completed
c5-timing-event-v1	C5	native	measured	dynamic-html-derived-v1	28	1	c44799d333834cec8799d333838cec83	N410	430	node_monotonic_same_invocation	710407434767	ns	db7517d89754	native_action	8	completed
c5-timing-event-v1	C5	native	measured	dynamic-html-derived-v1	29	1	8356a2ba8343452096a2ba834305208f	N400	400	node_monotonic_same_invocation	707354900080	ns	412815d5a6fc	native_action	8	started
c5-timing-event-v1	C5	native	measured	dynamic-html-derived-v1	29	1	8356a2ba8343452096a2ba834305208f	NW400	410	node_monotonic_same_invocation	707354911821	ns	412815d5a6fc	native_action	8	started
c5-timing-event-v1	C5	native	measured	dynamic-html-derived-v1	29	1	8356a2ba8343452096a2ba834305208f	NW410	420	node_monotonic_same_invocation	707364830654	ns	412815d5a6fc	native_action	8	completed
c5-timing-event-v1	C5	native	measured	dynamic-html-derived-v1	29	1	8356a2ba8343452096a2ba834305208f	N410	430	node_monotonic_same_invocation	707364842477	ns	412815d5a6fc	native_action	8	completed
c5-timing-event-v1	C5	native	measured	dynamic-html-derived-v1	30	1	f6bf780d32884fbfbf780d32886fbf3f	N400	400	node_monotonic_same_invocation	707447544888	ns	412815d5a6fc	native_action	8	started
c5-timing-event-v1	C5	native	measured	dynamic-html-derived-v1	30	1	f6bf780d32884fbfbf780d32886fbf3f	NW400	410	node_monotonic_same_invocation	707447557078	ns	412815d5a6fc	native_action	8	started
c5-timing-event-v1	C5	native	measured	dynamic-html-derived-v1	30	1	f6bf780d32884fbfbf780d32886fbf3f	NW410	420	node_monotonic_same_invocation	707457373297	ns	412815d5a6fc	native_action	8	completed
c5-timing-event-v1	C5	native	measured	dynamic-html-derived-v1	30	1	f6bf780d32884fbfbf780d32886fbf3f	N410	430	node_monotonic_same_invocation	707457385100	ns	412815d5a6fc	native_action	8	completed
c5-timing-event-v1	C5	native	measured	dynamic-html-derived-v1	31	1	a0e9da4dbd33418fa9da4dbd33318f8e	N400	400	node_monotonic_same_invocation	710493352969	ns	db7517d89754	native_action	8	started
c5-timing-event-v1	C5	native	measured	dynamic-html-derived-v1	31	1	a0e9da4dbd33418fa9da4dbd33318f8e	NW400	410	node_monotonic_same_invocation	710493361117	ns	db7517d89754	native_action	8	started
c5-timing-event-v1	C5	native	measured	dynamic-html-derived-v1	31	1	a0e9da4dbd33418fa9da4dbd33318f8e	NW410	420	node_monotonic_same_invocation	710502899868	ns	db7517d89754	native_action	8	completed
c5-timing-event-v1	C5	native	measured	dynamic-html-derived-v1	31	1	a0e9da4dbd33418fa9da4dbd33318f8e	N410	430	node_monotonic_same_invocation	710502907247	ns	db7517d89754	native_action	8	completed
c5-timing-event-v1	C5	native	measured	dynamic-html-derived-v1	32	1	a723d9cef22242b8a3d9cef22232b82d	N400	400	node_monotonic_same_invocation	710526868379	ns	db7517d89754	native_action	8	started
c5-timing-event-v1	C5	native	measured	dynamic-html-derived-v1	32	1	a723d9cef22242b8a3d9cef22232b82d	NW400	410	node_monotonic_same_invocation	710526874189	ns	db7517d89754	native_action	8	started
c5-timing-event-v1	C5	native	measured	dynamic-html-derived-v1	32	1	a723d9cef22242b8a3d9cef22232b82d	NW410	420	node_monotonic_same_invocation	710536351614	ns	db7517d89754	native_action	8	completed
c5-timing-event-v1	C5	native	measured	dynamic-html-derived-v1	32	1	a723d9cef22242b8a3d9cef22232b82d	N410	430	node_monotonic_same_invocation	710536359292	ns	db7517d89754	native_action	8	completed
c5-timing-event-v1	C5	native	measured	dynamic-html-derived-v1	33	1	cf13c76b482f4c2f93c76b482fdc2f0d	N400	400	node_monotonic_same_invocation	710603931239	ns	db7517d89754	native_action	8	started
c5-timing-event-v1	C5	native	measured	dynamic-html-derived-v1	33	1	cf13c76b482f4c2f93c76b482fdc2f0d	NW400	410	node_monotonic_same_invocation	710603938969	ns	db7517d89754	native_action	8	started
c5-timing-event-v1	C5	native	measured	dynamic-html-derived-v1	33	1	cf13c76b482f4c2f93c76b482fdc2f0d	NW410	420	node_monotonic_same_invocation	710620943331	ns	db7517d89754	native_action	8	completed
c5-timing-event-v1	C5	native	measured	dynamic-html-derived-v1	33	1	cf13c76b482f4c2f93c76b482fdc2f0d	N410	430	node_monotonic_same_invocation	710620951807	ns	db7517d89754	native_action	8	completed
c5-timing-event-v1	C5	native	measured	dynamic-html-derived-v1	34	1	3556fbfa22e446bb96fbfa22e486bb14	N400	400	node_monotonic_same_invocation	710636235686	ns	db7517d89754	native_action	8	started
c5-timing-event-v1	C5	native	measured	dynamic-html-derived-v1	34	1	3556fbfa22e446bb96fbfa22e486bb14	NW400	410	node_monotonic_same_invocation	710636243017	ns	db7517d89754	native_action	8	started
c5-timing-event-v1	C5	native	measured	dynamic-html-derived-v1	34	1	3556fbfa22e446bb96fbfa22e486bb14	NW410	420	node_monotonic_same_invocation	710655875466	ns	db7517d89754	native_action	8	completed
c5-timing-event-v1	C5	native	measured	dynamic-html-derived-v1	34	1	3556fbfa22e446bb96fbfa22e486bb14	N410	430	node_monotonic_same_invocation	710655885032	ns	db7517d89754	native_action	8	completed
c5-timing-event-v1	C5	native	measured	dynamic-html-derived-v1	35	1	17fad07fd4434b09bad07fd443fb0951	N400	400	node_monotonic_same_invocation	707564243871	ns	412815d5a6fc	native_action	8	started
c5-timing-event-v1	C5	native	measured	dynamic-html-derived-v1	35	1	17fad07fd4434b09bad07fd443fb0951	NW400	410	node_monotonic_same_invocation	707564256227	ns	412815d5a6fc	native_action	8	started
c5-timing-event-v1	C5	native	measured	dynamic-html-derived-v1	35	1	17fad07fd4434b09bad07fd443fb0951	NW410	420	node_monotonic_same_invocation	707574025558	ns	412815d5a6fc	native_action	8	completed
c5-timing-event-v1	C5	native	measured	dynamic-html-derived-v1	35	1	17fad07fd4434b09bad07fd443fb0951	N410	430	node_monotonic_same_invocation	707574037545	ns	412815d5a6fc	native_action	8	completed
c5-timing-event-v1	C5	native	measured	dynamic-html-derived-v1	36	1	bba9280c63704b69a9280c6370fb691f	N400	400	node_monotonic_same_invocation	707673306755	ns	412815d5a6fc	native_action	8	started
c5-timing-event-v1	C5	native	measured	dynamic-html-derived-v1	36	1	bba9280c63704b69a9280c6370fb691f	NW400	410	node_monotonic_same_invocation	707673321916	ns	412815d5a6fc	native_action	8	started
c5-timing-event-v1	C5	native	measured	dynamic-html-derived-v1	36	1	bba9280c63704b69a9280c6370fb691f	NW410	420	node_monotonic_same_invocation	707684013008	ns	412815d5a6fc	native_action	8	completed
c5-timing-event-v1	C5	native	measured	dynamic-html-derived-v1	36	1	bba9280c63704b69a9280c6370fb691f	N410	430	node_monotonic_same_invocation	707684024430	ns	412815d5a6fc	native_action	8	completed
c5-timing-event-v1	C5	native	measured	dynamic-html-derived-v1	37	1	3bd0e215d7f14bef90e215d7f16bef41	N400	400	node_monotonic_same_invocation	710718227392	ns	db7517d89754	native_action	8	started
c5-timing-event-v1	C5	native	measured	dynamic-html-derived-v1	37	1	3bd0e215d7f14bef90e215d7f16bef41	NW400	410	node_monotonic_same_invocation	710718234532	ns	db7517d89754	native_action	8	started
c5-timing-event-v1	C5	native	measured	dynamic-html-derived-v1	37	1	3bd0e215d7f14bef90e215d7f16bef41	NW410	420	node_monotonic_same_invocation	710729377292	ns	db7517d89754	native_action	8	completed
c5-timing-event-v1	C5	native	measured	dynamic-html-derived-v1	37	1	3bd0e215d7f14bef90e215d7f16bef41	N410	430	node_monotonic_same_invocation	710729384657	ns	db7517d89754	native_action	8	completed
c5-timing-event-v1	C5	native	measured	dynamic-html-derived-v1	38	1	27422d86cd9d4cac822d86cd9d4cacb0	N400	400	node_monotonic_same_invocation	710757306571	ns	db7517d89754	native_action	8	started
c5-timing-event-v1	C5	native	measured	dynamic-html-derived-v1	38	1	27422d86cd9d4cac822d86cd9d4cacb0	NW400	410	node_monotonic_same_invocation	710757312707	ns	db7517d89754	native_action	8	started
c5-timing-event-v1	C5	native	measured	dynamic-html-derived-v1	38	1	27422d86cd9d4cac822d86cd9d4cacb0	NW410	420	node_monotonic_same_invocation	710766701856	ns	db7517d89754	native_action	8	completed
c5-timing-event-v1	C5	native	measured	dynamic-html-derived-v1	38	1	27422d86cd9d4cac822d86cd9d4cacb0	N410	430	node_monotonic_same_invocation	710766708547	ns	db7517d89754	native_action	8	completed
c5-timing-event-v1	C5	native	measured	dynamic-html-derived-v1	39	1	1fb66350b8f74e6ab66350b8f77e6a55	N400	400	node_monotonic_same_invocation	710808460870	ns	db7517d89754	native_action	8	started
c5-timing-event-v1	C5	native	measured	dynamic-html-derived-v1	39	1	1fb66350b8f74e6ab66350b8f77e6a55	NW400	410	node_monotonic_same_invocation	710808466406	ns	db7517d89754	native_action	8	started
c5-timing-event-v1	C5	native	measured	dynamic-html-derived-v1	39	1	1fb66350b8f74e6ab66350b8f77e6a55	NW410	420	node_monotonic_same_invocation	710817785375	ns	db7517d89754	native_action	8	completed
c5-timing-event-v1	C5	native	measured	dynamic-html-derived-v1	39	1	1fb66350b8f74e6ab66350b8f77e6a55	N410	430	node_monotonic_same_invocation	710817792168	ns	db7517d89754	native_action	8	completed
c5-timing-event-v1	C5	native	measured	dynamic-html-derived-v1	40	1	b2c3c51d9aa0442283c51d9aa00422aa	N400	400	node_monotonic_same_invocation	710854763101	ns	db7517d89754	native_action	8	started
c5-timing-event-v1	C5	native	measured	dynamic-html-derived-v1	40	1	b2c3c51d9aa0442283c51d9aa00422aa	NW400	410	node_monotonic_same_invocation	710854768997	ns	db7517d89754	native_action	8	started
c5-timing-event-v1	C5	native	measured	dynamic-html-derived-v1	40	1	b2c3c51d9aa0442283c51d9aa00422aa	NW410	420	node_monotonic_same_invocation	710864077090	ns	db7517d89754	native_action	8	completed
c5-timing-event-v1	C5	native	measured	dynamic-html-derived-v1	40	1	b2c3c51d9aa0442283c51d9aa00422aa	N410	430	node_monotonic_same_invocation	710864083811	ns	db7517d89754	native_action	8	completed
c5-timing-event-v1	C5	native	measured	dynamic-html-derived-v1	41	1	4503454b4823482c83454b4823482cf0	N400	400	node_monotonic_same_invocation	707865193752	ns	412815d5a6fc	native_action	8	started
c5-timing-event-v1	C5	native	measured	dynamic-html-derived-v1	41	1	4503454b4823482c83454b4823482cf0	NW400	410	node_monotonic_same_invocation	707865208748	ns	412815d5a6fc	native_action	8	started
c5-timing-event-v1	C5	native	measured	dynamic-html-derived-v1	41	1	4503454b4823482c83454b4823482cf0	NW410	420	node_monotonic_same_invocation	707875336515	ns	412815d5a6fc	native_action	8	completed
c5-timing-event-v1	C5	native	measured	dynamic-html-derived-v1	41	1	4503454b4823482c83454b4823482cf0	N410	430	node_monotonic_same_invocation	707875348388	ns	412815d5a6fc	native_action	8	completed
c5-timing-event-v1	C5	native	measured	dynamic-html-derived-v1	42	1	2f72724e6f064e3ab2724e6f06de3a6e	N400	400	node_monotonic_same_invocation	710899953375	ns	db7517d89754	native_action	8	started
c5-timing-event-v1	C5	native	measured	dynamic-html-derived-v1	42	1	2f72724e6f064e3ab2724e6f06de3a6e	NW400	410	node_monotonic_same_invocation	710899959374	ns	db7517d89754	native_action	8	started
c5-timing-event-v1	C5	native	measured	dynamic-html-derived-v1	42	1	2f72724e6f064e3ab2724e6f06de3a6e	NW410	420	node_monotonic_same_invocation	710909275166	ns	db7517d89754	native_action	8	completed
c5-timing-event-v1	C5	native	measured	dynamic-html-derived-v1	42	1	2f72724e6f064e3ab2724e6f06de3a6e	N410	430	node_monotonic_same_invocation	710909281984	ns	db7517d89754	native_action	8	completed
c5-timing-event-v1	C5	native	measured	dynamic-html-derived-v1	43	1	fc679757a8f04a46a79757a8f08a467d	N400	400	node_monotonic_same_invocation	710981681130	ns	db7517d89754	native_action	8	started
c5-timing-event-v1	C5	native	measured	dynamic-html-derived-v1	43	1	fc679757a8f04a46a79757a8f08a467d	NW400	410	node_monotonic_same_invocation	710981686930	ns	db7517d89754	native_action	8	started
c5-timing-event-v1	C5	native	measured	dynamic-html-derived-v1	43	1	fc679757a8f04a46a79757a8f08a467d	NW410	420	node_monotonic_same_invocation	710990913298	ns	db7517d89754	native_action	8	completed
c5-timing-event-v1	C5	native	measured	dynamic-html-derived-v1	43	1	fc679757a8f04a46a79757a8f08a467d	N410	430	node_monotonic_same_invocation	710990920273	ns	db7517d89754	native_action	8	completed
c5-timing-event-v1	C5	native	measured	dynamic-html-derived-v1	44	1	ecee89797abc41f3ae89797abc81f34c	N400	400	node_monotonic_same_invocation	711055154682	ns	db7517d89754	native_action	8	started
c5-timing-event-v1	C5	native	measured	dynamic-html-derived-v1	44	1	ecee89797abc41f3ae89797abc81f34c	NW400	410	node_monotonic_same_invocation	711055161922	ns	db7517d89754	native_action	8	started
c5-timing-event-v1	C5	native	measured	dynamic-html-derived-v1	44	1	ecee89797abc41f3ae89797abc81f34c	NW410	420	node_monotonic_same_invocation	711065584382	ns	db7517d89754	native_action	8	completed
c5-timing-event-v1	C5	native	measured	dynamic-html-derived-v1	44	1	ecee89797abc41f3ae89797abc81f34c	N410	430	node_monotonic_same_invocation	711065591737	ns	db7517d89754	native_action	8	completed
c5-timing-event-v1	C5	native	measured	dynamic-html-derived-v1	45	1	be309f796d794fcfb09f796d797fcf10	N400	400	node_monotonic_same_invocation	711102075851	ns	db7517d89754	native_action	8	started
c5-timing-event-v1	C5	native	measured	dynamic-html-derived-v1	45	1	be309f796d794fcfb09f796d797fcf10	NW400	410	node_monotonic_same_invocation	711102083019	ns	db7517d89754	native_action	8	started
c5-timing-event-v1	C5	native	measured	dynamic-html-derived-v1	45	1	be309f796d794fcfb09f796d797fcf10	NW410	420	node_monotonic_same_invocation	711111575298	ns	db7517d89754	native_action	8	completed
c5-timing-event-v1	C5	native	measured	dynamic-html-derived-v1	45	1	be309f796d794fcfb09f796d797fcf10	N410	430	node_monotonic_same_invocation	711111582019	ns	db7517d89754	native_action	8	completed
c5-timing-event-v1	C5	native	measured	dynamic-html-derived-v1	46	1	a249e750b5d642e989e750b5d6b2e9e5	N400	400	node_monotonic_same_invocation	708068127997	ns	412815d5a6fc	native_action	8	started
c5-timing-event-v1	C5	native	measured	dynamic-html-derived-v1	46	1	a249e750b5d642e989e750b5d6b2e9e5	NW400	410	node_monotonic_same_invocation	708068143360	ns	412815d5a6fc	native_action	8	started
c5-timing-event-v1	C5	native	measured	dynamic-html-derived-v1	46	1	a249e750b5d642e989e750b5d6b2e9e5	NW410	420	node_monotonic_same_invocation	708077976125	ns	412815d5a6fc	native_action	8	completed
c5-timing-event-v1	C5	native	measured	dynamic-html-derived-v1	46	1	a249e750b5d642e989e750b5d6b2e9e5	N410	430	node_monotonic_same_invocation	708077987416	ns	412815d5a6fc	native_action	8	completed
c5-timing-event-v1	C5	native	measured	dynamic-html-derived-v1	47	1	f35123cd66a34bab9123cd66a3fbab31	N400	400	node_monotonic_same_invocation	711200164698	ns	db7517d89754	native_action	8	started
c5-timing-event-v1	C5	native	measured	dynamic-html-derived-v1	47	1	f35123cd66a34bab9123cd66a3fbab31	NW400	410	node_monotonic_same_invocation	711200170580	ns	db7517d89754	native_action	8	started
c5-timing-event-v1	C5	native	measured	dynamic-html-derived-v1	47	1	f35123cd66a34bab9123cd66a3fbab31	NW410	420	node_monotonic_same_invocation	711209572934	ns	db7517d89754	native_action	8	completed
c5-timing-event-v1	C5	native	measured	dynamic-html-derived-v1	47	1	f35123cd66a34bab9123cd66a3fbab31	N410	430	node_monotonic_same_invocation	711209579679	ns	db7517d89754	native_action	8	completed
c5-timing-event-v1	C5	native	measured	dynamic-html-derived-v1	48	1	8028c1962ace499ca8c1962acee99ca0	N400	400	node_monotonic_same_invocation	711241717152	ns	db7517d89754	native_action	8	started
c5-timing-event-v1	C5	native	measured	dynamic-html-derived-v1	48	1	8028c1962ace499ca8c1962acee99ca0	NW400	410	node_monotonic_same_invocation	711241722978	ns	db7517d89754	native_action	8	started
c5-timing-event-v1	C5	native	measured	dynamic-html-derived-v1	48	1	8028c1962ace499ca8c1962acee99ca0	NW410	420	node_monotonic_same_invocation	711251071865	ns	db7517d89754	native_action	8	completed
c5-timing-event-v1	C5	native	measured	dynamic-html-derived-v1	48	1	8028c1962ace499ca8c1962acee99ca0	N410	430	node_monotonic_same_invocation	711251078693	ns	db7517d89754	native_action	8	completed
c5-timing-event-v1	C5	native	measured	dynamic-html-derived-v1	49	1	cdf2b88ff2a949c8b2b88ff2a9c9c8b6	N400	400	node_monotonic_same_invocation	708199929827	ns	412815d5a6fc	native_action	8	started
c5-timing-event-v1	C5	native	measured	dynamic-html-derived-v1	49	1	cdf2b88ff2a949c8b2b88ff2a9c9c8b6	NW400	410	node_monotonic_same_invocation	708199941480	ns	412815d5a6fc	native_action	8	started
c5-timing-event-v1	C5	native	measured	dynamic-html-derived-v1	49	1	cdf2b88ff2a949c8b2b88ff2a9c9c8b6	NW410	420	node_monotonic_same_invocation	708209762260	ns	412815d5a6fc	native_action	8	completed
c5-timing-event-v1	C5	native	measured	dynamic-html-derived-v1	49	1	cdf2b88ff2a949c8b2b88ff2a9c9c8b6	N410	430	node_monotonic_same_invocation	708209774572	ns	412815d5a6fc	native_action	8	completed
c5-timing-event-v1	C5	native	measured	dynamic-html-derived-v1	50	1	d531611e22b74fa0b1611e22b7ffa003	N400	400	node_monotonic_same_invocation	708340424882	ns	412815d5a6fc	native_action	8	started
c5-timing-event-v1	C5	native	measured	dynamic-html-derived-v1	50	1	d531611e22b74fa0b1611e22b7ffa003	NW400	410	node_monotonic_same_invocation	708340435782	ns	412815d5a6fc	native_action	8	started
c5-timing-event-v1	C5	native	measured	dynamic-html-derived-v1	50	1	d531611e22b74fa0b1611e22b7ffa003	NW410	420	node_monotonic_same_invocation	708350444915	ns	412815d5a6fc	native_action	8	completed
c5-timing-event-v1	C5	native	measured	dynamic-html-derived-v1	50	1	d531611e22b74fa0b1611e22b7ffa003	N410	430	node_monotonic_same_invocation	708350463210	ns	412815d5a6fc	native_action	8	completed
c5-timing-event-v1	C5	native	measured	dynamic-html-derived-v1	51	1	e7131995849944239319958499942322	N400	400	node_monotonic_same_invocation	711351004576	ns	db7517d89754	native_action	8	started
c5-timing-event-v1	C5	native	measured	dynamic-html-derived-v1	51	1	e7131995849944239319958499942322	NW400	410	node_monotonic_same_invocation	711351010646	ns	db7517d89754	native_action	8	started
c5-timing-event-v1	C5	native	measured	dynamic-html-derived-v1	51	1	e7131995849944239319958499942322	NW410	420	node_monotonic_same_invocation	711360440866	ns	db7517d89754	native_action	8	completed
c5-timing-event-v1	C5	native	measured	dynamic-html-derived-v1	51	1	e7131995849944239319958499942322	N410	430	node_monotonic_same_invocation	711360447715	ns	db7517d89754	native_action	8	completed
c5-timing-event-v1	C5	native	measured	dynamic-html-derived-v1	52	1	d9d7d3ace30344bc97d3ace30344bc2b	N400	400	node_monotonic_same_invocation	711383903317	ns	db7517d89754	native_action	8	started
c5-timing-event-v1	C5	native	measured	dynamic-html-derived-v1	52	1	d9d7d3ace30344bc97d3ace30344bc2b	NW400	410	node_monotonic_same_invocation	711383913374	ns	db7517d89754	native_action	8	started
c5-timing-event-v1	C5	native	measured	dynamic-html-derived-v1	52	1	d9d7d3ace30344bc97d3ace30344bc2b	NW410	420	node_monotonic_same_invocation	711398309253	ns	db7517d89754	native_action	8	completed
c5-timing-event-v1	C5	native	measured	dynamic-html-derived-v1	52	1	d9d7d3ace30344bc97d3ace30344bc2b	N410	430	node_monotonic_same_invocation	711398316779	ns	db7517d89754	native_action	8	completed
c5-timing-event-v1	C5	native	measured	dynamic-html-derived-v1	53	1	5ca0936e63604a16a0936e63603a1669	N400	400	node_monotonic_same_invocation	708452695908	ns	412815d5a6fc	native_action	8	started
c5-timing-event-v1	C5	native	measured	dynamic-html-derived-v1	53	1	5ca0936e63604a16a0936e63603a1669	NW400	410	node_monotonic_same_invocation	708452708314	ns	412815d5a6fc	native_action	8	started
c5-timing-event-v1	C5	native	measured	dynamic-html-derived-v1	53	1	5ca0936e63604a16a0936e63603a1669	NW410	420	node_monotonic_same_invocation	708462939793	ns	412815d5a6fc	native_action	8	completed
c5-timing-event-v1	C5	native	measured	dynamic-html-derived-v1	53	1	5ca0936e63604a16a0936e63603a1669	N410	430	node_monotonic_same_invocation	708462953017	ns	412815d5a6fc	native_action	8	completed
c5-timing-event-v1	C5	native	measured	dynamic-html-derived-v1	54	1	b0eea81d6dd44d24aea81d6dd43d2413	N400	400	node_monotonic_same_invocation	711494812688	ns	db7517d89754	native_action	8	started
c5-timing-event-v1	C5	native	measured	dynamic-html-derived-v1	54	1	b0eea81d6dd44d24aea81d6dd43d2413	NW400	410	node_monotonic_same_invocation	711494820191	ns	db7517d89754	native_action	8	started
c5-timing-event-v1	C5	native	measured	dynamic-html-derived-v1	54	1	b0eea81d6dd44d24aea81d6dd43d2413	NW410	420	node_monotonic_same_invocation	711504260488	ns	db7517d89754	native_action	8	completed
c5-timing-event-v1	C5	native	measured	dynamic-html-derived-v1	54	1	b0eea81d6dd44d24aea81d6dd43d2413	N410	430	node_monotonic_same_invocation	711504267427	ns	db7517d89754	native_action	8	completed
c5-timing-event-v1	C5	native	measured	dynamic-html-derived-v1	55	1	96f18947e17244efb18947e172e4ef62	N400	400	node_monotonic_same_invocation	711539240856	ns	db7517d89754	native_action	8	started
c5-timing-event-v1	C5	native	measured	dynamic-html-derived-v1	55	1	96f18947e17244efb18947e172e4ef62	NW400	410	node_monotonic_same_invocation	711539248199	ns	db7517d89754	native_action	8	started
c5-timing-event-v1	C5	native	measured	dynamic-html-derived-v1	55	1	96f18947e17244efb18947e172e4ef62	NW410	420	node_monotonic_same_invocation	711553816150	ns	db7517d89754	native_action	8	completed
c5-timing-event-v1	C5	native	measured	dynamic-html-derived-v1	55	1	96f18947e17244efb18947e172e4ef62	N410	430	node_monotonic_same_invocation	711553823763	ns	db7517d89754	native_action	8	completed
c5-timing-event-v1	C5	native	measured	dynamic-html-derived-v1	56	1	d9448fb5d772485d848fb5d772585d95	N400	400	node_monotonic_same_invocation	711635213658	ns	db7517d89754	native_action	8	started
c5-timing-event-v1	C5	native	measured	dynamic-html-derived-v1	56	1	d9448fb5d772485d848fb5d772585d95	NW400	410	node_monotonic_same_invocation	711635219683	ns	db7517d89754	native_action	8	started
c5-timing-event-v1	C5	native	measured	dynamic-html-derived-v1	56	1	d9448fb5d772485d848fb5d772585d95	NW410	420	node_monotonic_same_invocation	711644520425	ns	db7517d89754	native_action	8	completed
c5-timing-event-v1	C5	native	measured	dynamic-html-derived-v1	56	1	d9448fb5d772485d848fb5d772585d95	N410	430	node_monotonic_same_invocation	711644527134	ns	db7517d89754	native_action	8	completed
c5-timing-event-v1	C5	native	measured	dynamic-html-derived-v1	57	1	c14ccc94600f41238ccc94600f01233f	N400	400	node_monotonic_same_invocation	708676207130	ns	412815d5a6fc	native_action	8	started
c5-timing-event-v1	C5	native	measured	dynamic-html-derived-v1	57	1	c14ccc94600f41238ccc94600f01233f	NW400	410	node_monotonic_same_invocation	708676220054	ns	412815d5a6fc	native_action	8	started
c5-timing-event-v1	C5	native	measured	dynamic-html-derived-v1	57	1	c14ccc94600f41238ccc94600f01233f	NW410	420	node_monotonic_same_invocation	708686258514	ns	412815d5a6fc	native_action	8	completed
c5-timing-event-v1	C5	native	measured	dynamic-html-derived-v1	57	1	c14ccc94600f41238ccc94600f01233f	N410	430	node_monotonic_same_invocation	708686268247	ns	412815d5a6fc	native_action	8	completed
c5-timing-event-v1	C5	native	measured	dynamic-html-derived-v1	58	1	1a72601ee0fd4402b2601ee0fdd4029b	N400	400	node_monotonic_same_invocation	711721590407	ns	db7517d89754	native_action	8	started
c5-timing-event-v1	C5	native	measured	dynamic-html-derived-v1	58	1	1a72601ee0fd4402b2601ee0fdd4029b	NW400	410	node_monotonic_same_invocation	711721597419	ns	db7517d89754	native_action	8	started
c5-timing-event-v1	C5	native	measured	dynamic-html-derived-v1	58	1	1a72601ee0fd4402b2601ee0fdd4029b	NW410	420	node_monotonic_same_invocation	711731861308	ns	db7517d89754	native_action	8	completed
c5-timing-event-v1	C5	native	measured	dynamic-html-derived-v1	58	1	1a72601ee0fd4402b2601ee0fdd4029b	N410	430	node_monotonic_same_invocation	711731868299	ns	db7517d89754	native_action	8	completed
c5-timing-event-v1	C5	native	measured	dynamic-html-derived-v1	59	1	fbc065f98f294e288065f98f29ce28b2	N400	400	node_monotonic_same_invocation	708713620003	ns	412815d5a6fc	native_action	8	started
c5-timing-event-v1	C5	native	measured	dynamic-html-derived-v1	59	1	fbc065f98f294e288065f98f29ce28b2	NW400	410	node_monotonic_same_invocation	708713630593	ns	412815d5a6fc	native_action	8	started
c5-timing-event-v1	C5	native	measured	dynamic-html-derived-v1	59	1	fbc065f98f294e288065f98f29ce28b2	NW410	420	node_monotonic_same_invocation	708724019146	ns	412815d5a6fc	native_action	8	completed
c5-timing-event-v1	C5	native	measured	dynamic-html-derived-v1	59	1	fbc065f98f294e288065f98f29ce28b2	N410	430	node_monotonic_same_invocation	708724032879	ns	412815d5a6fc	native_action	8	completed
c5-timing-event-v1	C5	native	measured	dynamic-html-derived-v1	60	1	16b5a44dd29847e8b5a44dd298c7e8ad	N400	400	node_monotonic_same_invocation	711838876435	ns	db7517d89754	native_action	8	started
c5-timing-event-v1	C5	native	measured	dynamic-html-derived-v1	60	1	16b5a44dd29847e8b5a44dd298c7e8ad	NW400	410	node_monotonic_same_invocation	711838883300	ns	db7517d89754	native_action	8	started
c5-timing-event-v1	C5	native	measured	dynamic-html-derived-v1	60	1	16b5a44dd29847e8b5a44dd298c7e8ad	NW410	420	node_monotonic_same_invocation	711848504318	ns	db7517d89754	native_action	8	completed
c5-timing-event-v1	C5	native	measured	dynamic-html-derived-v1	60	1	16b5a44dd29847e8b5a44dd298c7e8ad	N410	430	node_monotonic_same_invocation	711848511087	ns	db7517d89754	native_action	8	completed
c5-timing-event-v1	C5	native	measured	dynamic-html-derived-v1	61	1	1a7ecf6dd9244b87becf6dd9246b87a7	N400	400	node_monotonic_same_invocation	708804892442	ns	412815d5a6fc	native_action	8	started
c5-timing-event-v1	C5	native	measured	dynamic-html-derived-v1	61	1	1a7ecf6dd9244b87becf6dd9246b87a7	NW400	410	node_monotonic_same_invocation	708804907024	ns	412815d5a6fc	native_action	8	started
c5-timing-event-v1	C5	native	measured	dynamic-html-derived-v1	61	1	1a7ecf6dd9244b87becf6dd9246b87a7	NW410	420	node_monotonic_same_invocation	708816066619	ns	412815d5a6fc	native_action	8	completed
c5-timing-event-v1	C5	native	measured	dynamic-html-derived-v1	61	1	1a7ecf6dd9244b87becf6dd9246b87a7	N410	430	node_monotonic_same_invocation	708816079809	ns	412815d5a6fc	native_action	8	completed
c5-timing-event-v1	C5	native	measured	dynamic-html-derived-v1	62	1	33f233f490064d31b233f490061d312b	N400	400	node_monotonic_same_invocation	711884422216	ns	db7517d89754	native_action	8	started
c5-timing-event-v1	C5	native	measured	dynamic-html-derived-v1	62	1	33f233f490064d31b233f490061d312b	NW400	410	node_monotonic_same_invocation	711884429674	ns	db7517d89754	native_action	8	started
c5-timing-event-v1	C5	native	measured	dynamic-html-derived-v1	62	1	33f233f490064d31b233f490061d312b	NW410	420	node_monotonic_same_invocation	711898354158	ns	db7517d89754	native_action	8	completed
c5-timing-event-v1	C5	native	measured	dynamic-html-derived-v1	62	1	33f233f490064d31b233f490061d312b	N410	430	node_monotonic_same_invocation	711898360982	ns	db7517d89754	native_action	8	completed
c5-timing-event-v1	C5	native	measured	dynamic-html-derived-v1	63	1	dcdf52168ac84fe39f52168ac8dfe3a3	N400	400	node_monotonic_same_invocation	711955960638	ns	db7517d89754	native_action	8	started
c5-timing-event-v1	C5	native	measured	dynamic-html-derived-v1	63	1	dcdf52168ac84fe39f52168ac8dfe3a3	NW400	410	node_monotonic_same_invocation	711955967879	ns	db7517d89754	native_action	8	started
c5-timing-event-v1	C5	native	measured	dynamic-html-derived-v1	63	1	dcdf52168ac84fe39f52168ac8dfe3a3	NW410	420	node_monotonic_same_invocation	711966229175	ns	db7517d89754	native_action	8	completed
c5-timing-event-v1	C5	native	measured	dynamic-html-derived-v1	63	1	dcdf52168ac84fe39f52168ac8dfe3a3	N410	430	node_monotonic_same_invocation	711966238152	ns	db7517d89754	native_action	8	completed
c5-timing-event-v1	C5	native	measured	dynamic-html-derived-v1	64	1	5f555435f0864663955435f0861663b6	N400	400	node_monotonic_same_invocation	711984905880	ns	db7517d89754	native_action	8	started
c5-timing-event-v1	C5	native	measured	dynamic-html-derived-v1	64	1	5f555435f0864663955435f0861663b6	NW400	410	node_monotonic_same_invocation	711984911943	ns	db7517d89754	native_action	8	started
c5-timing-event-v1	C5	native	measured	dynamic-html-derived-v1	64	1	5f555435f0864663955435f0861663b6	NW410	420	node_monotonic_same_invocation	711994206673	ns	db7517d89754	native_action	8	completed
c5-timing-event-v1	C5	native	measured	dynamic-html-derived-v1	64	1	5f555435f0864663955435f0861663b6	N410	430	node_monotonic_same_invocation	711994213464	ns	db7517d89754	native_action	8	completed
c5-timing-event-v1	C5	native	measured	dynamic-html-derived-v1	65	1	cf7e2397f592459cbe2397f592559cb2	N400	400	node_monotonic_same_invocation	708922902751	ns	412815d5a6fc	native_action	8	started
c5-timing-event-v1	C5	native	measured	dynamic-html-derived-v1	65	1	cf7e2397f592459cbe2397f592559cb2	NW400	410	node_monotonic_same_invocation	708922914711	ns	412815d5a6fc	native_action	8	started
c5-timing-event-v1	C5	native	measured	dynamic-html-derived-v1	65	1	cf7e2397f592459cbe2397f592559cb2	NW410	420	node_monotonic_same_invocation	708932763656	ns	412815d5a6fc	native_action	8	completed
c5-timing-event-v1	C5	native	measured	dynamic-html-derived-v1	65	1	cf7e2397f592459cbe2397f592559cb2	N410	430	node_monotonic_same_invocation	708932776745	ns	412815d5a6fc	native_action	8	completed
c5-timing-event-v1	C5	native	measured	dynamic-html-derived-v1	66	1	0d91b4acdfc64f6b91b4acdfc69f6b1c	N400	400	node_monotonic_same_invocation	709039091318	ns	412815d5a6fc	native_action	8	started
c5-timing-event-v1	C5	native	measured	dynamic-html-derived-v1	66	1	0d91b4acdfc64f6b91b4acdfc69f6b1c	NW400	410	node_monotonic_same_invocation	709039106092	ns	412815d5a6fc	native_action	8	started
c5-timing-event-v1	C5	native	measured	dynamic-html-derived-v1	66	1	0d91b4acdfc64f6b91b4acdfc69f6b1c	NW410	420	node_monotonic_same_invocation	709048978626	ns	412815d5a6fc	native_action	8	completed
c5-timing-event-v1	C5	native	measured	dynamic-html-derived-v1	66	1	0d91b4acdfc64f6b91b4acdfc69f6b1c	N410	430	node_monotonic_same_invocation	709048990685	ns	412815d5a6fc	native_action	8	completed
c5-timing-event-v1	C5	native	measured	dynamic-html-derived-v1	67	1	71ee5ec882eb465aae5ec882ebf65ab5	N400	400	node_monotonic_same_invocation	712077611858	ns	db7517d89754	native_action	8	started
c5-timing-event-v1	C5	native	measured	dynamic-html-derived-v1	67	1	71ee5ec882eb465aae5ec882ebf65ab5	NW400	410	node_monotonic_same_invocation	712077617860	ns	db7517d89754	native_action	8	started
c5-timing-event-v1	C5	native	measured	dynamic-html-derived-v1	67	1	71ee5ec882eb465aae5ec882ebf65ab5	NW410	420	node_monotonic_same_invocation	712086963060	ns	db7517d89754	native_action	8	completed
c5-timing-event-v1	C5	native	measured	dynamic-html-derived-v1	67	1	71ee5ec882eb465aae5ec882ebf65ab5	N410	430	node_monotonic_same_invocation	712086969964	ns	db7517d89754	native_action	8	completed
c5-timing-event-v1	C5	native	measured	dynamic-html-derived-v1	68	1	0a26fd8013804922a6fd8013801922b9	N400	400	node_monotonic_same_invocation	712101298650	ns	db7517d89754	native_action	8	started
c5-timing-event-v1	C5	native	measured	dynamic-html-derived-v1	68	1	0a26fd8013804922a6fd8013801922b9	NW400	410	node_monotonic_same_invocation	712101304633	ns	db7517d89754	native_action	8	started
c5-timing-event-v1	C5	native	measured	dynamic-html-derived-v1	68	1	0a26fd8013804922a6fd8013801922b9	NW410	420	node_monotonic_same_invocation	712110710086	ns	db7517d89754	native_action	8	completed
c5-timing-event-v1	C5	native	measured	dynamic-html-derived-v1	68	1	0a26fd8013804922a6fd8013801922b9	N410	430	node_monotonic_same_invocation	712110716901	ns	db7517d89754	native_action	8	completed
c5-timing-event-v1	C5	native	measured	dynamic-html-derived-v1	69	1	b2be390a6b974f54be390a6b97bf540a	N400	400	node_monotonic_same_invocation	712208564000	ns	db7517d89754	native_action	8	started
c5-timing-event-v1	C5	native	measured	dynamic-html-derived-v1	69	1	b2be390a6b974f54be390a6b97bf540a	NW400	410	node_monotonic_same_invocation	712208571347	ns	db7517d89754	native_action	8	started
c5-timing-event-v1	C5	native	measured	dynamic-html-derived-v1	69	1	b2be390a6b974f54be390a6b97bf540a	NW410	420	node_monotonic_same_invocation	712218453231	ns	db7517d89754	native_action	8	completed
c5-timing-event-v1	C5	native	measured	dynamic-html-derived-v1	69	1	b2be390a6b974f54be390a6b97bf540a	N410	430	node_monotonic_same_invocation	712218460061	ns	db7517d89754	native_action	8	completed
c5-timing-event-v1	C5	native	measured	dynamic-html-derived-v1	70	1	b9286a099ebd4a44a86a099ebdaa44b0	N400	400	node_monotonic_same_invocation	709190112710	ns	412815d5a6fc	native_action	8	started
c5-timing-event-v1	C5	native	measured	dynamic-html-derived-v1	70	1	b9286a099ebd4a44a86a099ebdaa44b0	NW400	410	node_monotonic_same_invocation	709190124132	ns	412815d5a6fc	native_action	8	started
c5-timing-event-v1	C5	native	measured	dynamic-html-derived-v1	70	1	b9286a099ebd4a44a86a099ebdaa44b0	NW410	420	node_monotonic_same_invocation	709199958888	ns	412815d5a6fc	native_action	8	completed
c5-timing-event-v1	C5	native	measured	dynamic-html-derived-v1	70	1	b9286a099ebd4a44a86a099ebdaa44b0	N410	430	node_monotonic_same_invocation	709199971832	ns	412815d5a6fc	native_action	8	completed
c5-timing-event-v1	C5	native	measured	dynamic-html-derived-v1	71	1	bc75e8195ddd438cb5e8195dddc38c64	N400	400	node_monotonic_same_invocation	712254767035	ns	db7517d89754	native_action	8	started
c5-timing-event-v1	C5	native	measured	dynamic-html-derived-v1	71	1	bc75e8195ddd438cb5e8195dddc38c64	NW400	410	node_monotonic_same_invocation	712254774303	ns	db7517d89754	native_action	8	started
c5-timing-event-v1	C5	native	measured	dynamic-html-derived-v1	71	1	bc75e8195ddd438cb5e8195dddc38c64	NW410	420	node_monotonic_same_invocation	712265433860	ns	db7517d89754	native_action	8	completed
c5-timing-event-v1	C5	native	measured	dynamic-html-derived-v1	71	1	bc75e8195ddd438cb5e8195dddc38c64	N410	430	node_monotonic_same_invocation	712265440748	ns	db7517d89754	native_action	8	completed
c5-timing-event-v1	C5	native	measured	dynamic-html-derived-v1	72	1	60b07d44eb8a476eb07d44eb8a176ee5	N400	400	node_monotonic_same_invocation	712318580602	ns	db7517d89754	native_action	8	started
c5-timing-event-v1	C5	native	measured	dynamic-html-derived-v1	72	1	60b07d44eb8a476eb07d44eb8a176ee5	NW400	410	node_monotonic_same_invocation	712318586787	ns	db7517d89754	native_action	8	started
c5-timing-event-v1	C5	native	measured	dynamic-html-derived-v1	72	1	60b07d44eb8a476eb07d44eb8a176ee5	NW410	420	node_monotonic_same_invocation	712330586412	ns	db7517d89754	native_action	8	completed
c5-timing-event-v1	C5	native	measured	dynamic-html-derived-v1	72	1	60b07d44eb8a476eb07d44eb8a176ee5	N410	430	node_monotonic_same_invocation	712330593958	ns	db7517d89754	native_action	8	completed
c5-timing-event-v1	C5	native	measured	dynamic-html-derived-v1	73	1	31c30caa205e49e8830caa205ea9e8d8	N400	400	node_monotonic_same_invocation	709301693445	ns	412815d5a6fc	native_action	8	started
c5-timing-event-v1	C5	native	measured	dynamic-html-derived-v1	73	1	31c30caa205e49e8830caa205ea9e8d8	NW400	410	node_monotonic_same_invocation	709301707878	ns	412815d5a6fc	native_action	8	started
c5-timing-event-v1	C5	native	measured	dynamic-html-derived-v1	73	1	31c30caa205e49e8830caa205ea9e8d8	NW410	420	node_monotonic_same_invocation	709314859974	ns	412815d5a6fc	native_action	8	completed
c5-timing-event-v1	C5	native	measured	dynamic-html-derived-v1	73	1	31c30caa205e49e8830caa205ea9e8d8	N410	430	node_monotonic_same_invocation	709314874015	ns	412815d5a6fc	native_action	8	completed
c5-timing-event-v1	C5	native	measured	dynamic-html-derived-v1	74	1	87b1a4be05194524b1a4be0519552410	N400	400	node_monotonic_same_invocation	712368916107	ns	db7517d89754	native_action	8	started
c5-timing-event-v1	C5	native	measured	dynamic-html-derived-v1	74	1	87b1a4be05194524b1a4be0519552410	NW400	410	node_monotonic_same_invocation	712368921674	ns	db7517d89754	native_action	8	started
c5-timing-event-v1	C5	native	measured	dynamic-html-derived-v1	74	1	87b1a4be05194524b1a4be0519552410	NW410	420	node_monotonic_same_invocation	712378219297	ns	db7517d89754	native_action	8	completed
c5-timing-event-v1	C5	native	measured	dynamic-html-derived-v1	74	1	87b1a4be05194524b1a4be0519552410	N410	430	node_monotonic_same_invocation	712378226444	ns	db7517d89754	native_action	8	completed
c5-timing-event-v1	C5	native	measured	dynamic-html-derived-v1	75	1	6a8e5b52fab542a28e5b52fab532a28e	N400	400	node_monotonic_same_invocation	712416379912	ns	db7517d89754	native_action	8	started
c5-timing-event-v1	C5	native	measured	dynamic-html-derived-v1	75	1	6a8e5b52fab542a28e5b52fab532a28e	NW400	410	node_monotonic_same_invocation	712416387561	ns	db7517d89754	native_action	8	started
c5-timing-event-v1	C5	native	measured	dynamic-html-derived-v1	75	1	6a8e5b52fab542a28e5b52fab532a28e	NW410	420	node_monotonic_same_invocation	712426715450	ns	db7517d89754	native_action	8	completed
c5-timing-event-v1	C5	native	measured	dynamic-html-derived-v1	75	1	6a8e5b52fab542a28e5b52fab532a28e	N410	430	node_monotonic_same_invocation	712426722746	ns	db7517d89754	native_action	8	completed
c5-timing-event-v1	C5	native	measured	dynamic-html-derived-v1	76	1	f878133b0a1d4a8fb8133b0a1dea8f8d	N400	400	node_monotonic_same_invocation	712468054311	ns	db7517d89754	native_action	8	started
c5-timing-event-v1	C5	native	measured	dynamic-html-derived-v1	76	1	f878133b0a1d4a8fb8133b0a1dea8f8d	NW400	410	node_monotonic_same_invocation	712468060322	ns	db7517d89754	native_action	8	started
c5-timing-event-v1	C5	native	measured	dynamic-html-derived-v1	76	1	f878133b0a1d4a8fb8133b0a1dea8f8d	NW410	420	node_monotonic_same_invocation	712477412629	ns	db7517d89754	native_action	8	completed
c5-timing-event-v1	C5	native	measured	dynamic-html-derived-v1	76	1	f878133b0a1d4a8fb8133b0a1dea8f8d	N410	430	node_monotonic_same_invocation	712477419706	ns	db7517d89754	native_action	8	completed
c5-timing-event-v1	C5	native	measured	dynamic-html-derived-v1	77	1	c234108d192041b3b4108d192021b3b0	N400	400	node_monotonic_same_invocation	709459827082	ns	412815d5a6fc	native_action	8	started
c5-timing-event-v1	C5	native	measured	dynamic-html-derived-v1	77	1	c234108d192041b3b4108d192021b3b0	NW400	410	node_monotonic_same_invocation	709459838869	ns	412815d5a6fc	native_action	8	started
c5-timing-event-v1	C5	native	measured	dynamic-html-derived-v1	77	1	c234108d192041b3b4108d192021b3b0	NW410	420	node_monotonic_same_invocation	709469835274	ns	412815d5a6fc	native_action	8	completed
c5-timing-event-v1	C5	native	measured	dynamic-html-derived-v1	77	1	c234108d192041b3b4108d192021b3b0	N410	430	node_monotonic_same_invocation	709469847748	ns	412815d5a6fc	native_action	8	completed
c5-timing-event-v1	C5	native	measured	dynamic-html-derived-v1	78	1	5f626cc4b3d1416fa26cc4b3d1516f60	N400	400	node_monotonic_same_invocation	712527266220	ns	db7517d89754	native_action	8	started
c5-timing-event-v1	C5	native	measured	dynamic-html-derived-v1	78	1	5f626cc4b3d1416fa26cc4b3d1516f60	NW400	410	node_monotonic_same_invocation	712527273723	ns	db7517d89754	native_action	8	started
c5-timing-event-v1	C5	native	measured	dynamic-html-derived-v1	78	1	5f626cc4b3d1416fa26cc4b3d1516f60	NW410	420	node_monotonic_same_invocation	712536666891	ns	db7517d89754	native_action	8	completed
c5-timing-event-v1	C5	native	measured	dynamic-html-derived-v1	78	1	5f626cc4b3d1416fa26cc4b3d1516f60	N410	430	node_monotonic_same_invocation	712536673417	ns	db7517d89754	native_action	8	completed
c5-timing-event-v1	C5	native	measured	dynamic-html-derived-v1	79	1	6b3671033cea42f7b671033cea42f7fb	N400	400	node_monotonic_same_invocation	712610072775	ns	db7517d89754	native_action	8	started
c5-timing-event-v1	C5	native	measured	dynamic-html-derived-v1	79	1	6b3671033cea42f7b671033cea42f7fb	NW400	410	node_monotonic_same_invocation	712610078737	ns	db7517d89754	native_action	8	started
c5-timing-event-v1	C5	native	measured	dynamic-html-derived-v1	79	1	6b3671033cea42f7b671033cea42f7fb	NW410	420	node_monotonic_same_invocation	712619444953	ns	db7517d89754	native_action	8	completed
c5-timing-event-v1	C5	native	measured	dynamic-html-derived-v1	79	1	6b3671033cea42f7b671033cea42f7fb	N410	430	node_monotonic_same_invocation	712619451746	ns	db7517d89754	native_action	8	completed
c5-timing-event-v1	C5	native	measured	dynamic-html-derived-v1	80	1	585cca0954fd408f9cca0954fd308f4e	N400	400	node_monotonic_same_invocation	709577742302	ns	412815d5a6fc	native_action	8	started
c5-timing-event-v1	C5	native	measured	dynamic-html-derived-v1	80	1	585cca0954fd408f9cca0954fd308f4e	NW400	410	node_monotonic_same_invocation	709577758271	ns	412815d5a6fc	native_action	8	started
c5-timing-event-v1	C5	native	measured	dynamic-html-derived-v1	80	1	585cca0954fd408f9cca0954fd308f4e	NW410	420	node_monotonic_same_invocation	709587566564	ns	412815d5a6fc	native_action	8	completed
c5-timing-event-v1	C5	native	measured	dynamic-html-derived-v1	80	1	585cca0954fd408f9cca0954fd308f4e	N410	430	node_monotonic_same_invocation	709587578152	ns	412815d5a6fc	native_action	8	completed
c5-timing-event-v1	C5	native	measured	dynamic-html-derived-v1	81	1	0e839fad15a3499f839fad15a3c99fc5	N400	400	node_monotonic_same_invocation	712690437292	ns	db7517d89754	native_action	8	started
c5-timing-event-v1	C5	native	measured	dynamic-html-derived-v1	81	1	0e839fad15a3499f839fad15a3c99fc5	NW400	410	node_monotonic_same_invocation	712690444807	ns	db7517d89754	native_action	8	started
c5-timing-event-v1	C5	native	measured	dynamic-html-derived-v1	81	1	0e839fad15a3499f839fad15a3c99fc5	NW410	420	node_monotonic_same_invocation	712699833424	ns	db7517d89754	native_action	8	completed
c5-timing-event-v1	C5	native	measured	dynamic-html-derived-v1	81	1	0e839fad15a3499f839fad15a3c99fc5	N410	430	node_monotonic_same_invocation	712699840067	ns	db7517d89754	native_action	8	completed
c5-timing-event-v1	C5	native	measured	dynamic-html-derived-v1	82	1	3690dd55dbe8463b90dd55dbe8663b01	N400	400	node_monotonic_same_invocation	712723681724	ns	db7517d89754	native_action	8	started
c5-timing-event-v1	C5	native	measured	dynamic-html-derived-v1	82	1	3690dd55dbe8463b90dd55dbe8663b01	NW400	410	node_monotonic_same_invocation	712723688399	ns	db7517d89754	native_action	8	started
c5-timing-event-v1	C5	native	measured	dynamic-html-derived-v1	82	1	3690dd55dbe8463b90dd55dbe8663b01	NW410	420	node_monotonic_same_invocation	712733644488	ns	db7517d89754	native_action	8	completed
c5-timing-event-v1	C5	native	measured	dynamic-html-derived-v1	82	1	3690dd55dbe8463b90dd55dbe8663b01	N410	430	node_monotonic_same_invocation	712733651642	ns	db7517d89754	native_action	8	completed
c5-timing-event-v1	C5	native	measured	dynamic-html-derived-v1	83	1	c0455d4f49454b68855d4f49455b68dd	N400	400	node_monotonic_same_invocation	712763936651	ns	db7517d89754	native_action	8	started
c5-timing-event-v1	C5	native	measured	dynamic-html-derived-v1	83	1	c0455d4f49454b68855d4f49455b68dd	NW400	410	node_monotonic_same_invocation	712763942430	ns	db7517d89754	native_action	8	started
c5-timing-event-v1	C5	native	measured	dynamic-html-derived-v1	83	1	c0455d4f49454b68855d4f49455b68dd	NW410	420	node_monotonic_same_invocation	712773232586	ns	db7517d89754	native_action	8	completed
c5-timing-event-v1	C5	native	measured	dynamic-html-derived-v1	83	1	c0455d4f49454b68855d4f49455b68dd	N410	430	node_monotonic_same_invocation	712773239596	ns	db7517d89754	native_action	8	completed
c5-timing-event-v1	C5	native	measured	dynamic-html-derived-v1	84	1	e351ed007124491491ed00712409146d	N400	400	node_monotonic_same_invocation	712819168913	ns	db7517d89754	native_action	8	started
c5-timing-event-v1	C5	native	measured	dynamic-html-derived-v1	84	1	e351ed007124491491ed00712409146d	NW400	410	node_monotonic_same_invocation	712819174742	ns	db7517d89754	native_action	8	started
c5-timing-event-v1	C5	native	measured	dynamic-html-derived-v1	84	1	e351ed007124491491ed00712409146d	NW410	420	node_monotonic_same_invocation	712829417606	ns	db7517d89754	native_action	8	completed
c5-timing-event-v1	C5	native	measured	dynamic-html-derived-v1	84	1	e351ed007124491491ed00712409146d	N410	430	node_monotonic_same_invocation	712829425594	ns	db7517d89754	native_action	8	completed
c5-timing-event-v1	C5	native	measured	dynamic-html-derived-v1	85	1	2cd04e7ee7d24fb3904e7ee7d24fb32b	N400	400	node_monotonic_same_invocation	709814284898	ns	412815d5a6fc	native_action	8	started
c5-timing-event-v1	C5	native	measured	dynamic-html-derived-v1	85	1	2cd04e7ee7d24fb3904e7ee7d24fb32b	NW400	410	node_monotonic_same_invocation	709814297130	ns	412815d5a6fc	native_action	8	started
c5-timing-event-v1	C5	native	measured	dynamic-html-derived-v1	85	1	2cd04e7ee7d24fb3904e7ee7d24fb32b	NW410	420	node_monotonic_same_invocation	709824139056	ns	412815d5a6fc	native_action	8	completed
c5-timing-event-v1	C5	native	measured	dynamic-html-derived-v1	85	1	2cd04e7ee7d24fb3904e7ee7d24fb32b	N410	430	node_monotonic_same_invocation	709824149962	ns	412815d5a6fc	native_action	8	completed
c5-timing-event-v1	C5	native	measured	dynamic-html-derived-v1	86	1	f8854d27d6f44a95854d27d6f49a95cf	N400	400	node_monotonic_same_invocation	709784543407	ns	412815d5a6fc	native_action	8	started
c5-timing-event-v1	C5	native	measured	dynamic-html-derived-v1	86	1	f8854d27d6f44a95854d27d6f49a95cf	NW400	410	node_monotonic_same_invocation	709784559361	ns	412815d5a6fc	native_action	8	started
c5-timing-event-v1	C5	native	measured	dynamic-html-derived-v1	86	1	f8854d27d6f44a95854d27d6f49a95cf	NW410	420	node_monotonic_same_invocation	709794650963	ns	412815d5a6fc	native_action	8	completed
c5-timing-event-v1	C5	native	measured	dynamic-html-derived-v1	86	1	f8854d27d6f44a95854d27d6f49a95cf	N410	430	node_monotonic_same_invocation	709794661898	ns	412815d5a6fc	native_action	8	completed
c5-timing-event-v1	C5	native	measured	dynamic-html-derived-v1	87	1	43529551842b4f34929551842bff34c7	N400	400	node_monotonic_same_invocation	712918476028	ns	db7517d89754	native_action	8	started
c5-timing-event-v1	C5	native	measured	dynamic-html-derived-v1	87	1	43529551842b4f34929551842bff34c7	NW400	410	node_monotonic_same_invocation	712918481673	ns	db7517d89754	native_action	8	started
c5-timing-event-v1	C5	native	measured	dynamic-html-derived-v1	87	1	43529551842b4f34929551842bff34c7	NW410	420	node_monotonic_same_invocation	712927777242	ns	db7517d89754	native_action	8	completed
c5-timing-event-v1	C5	native	measured	dynamic-html-derived-v1	87	1	43529551842b4f34929551842bff34c7	N410	430	node_monotonic_same_invocation	712927784007	ns	db7517d89754	native_action	8	completed
c5-timing-event-v1	C5	native	measured	dynamic-html-derived-v1	88	1	c768fb5bc7444dbba8fb5bc744cdbbbf	N400	400	node_monotonic_same_invocation	709906166840	ns	412815d5a6fc	native_action	8	started
c5-timing-event-v1	C5	native	measured	dynamic-html-derived-v1	88	1	c768fb5bc7444dbba8fb5bc744cdbbbf	NW400	410	node_monotonic_same_invocation	709906178861	ns	412815d5a6fc	native_action	8	started
c5-timing-event-v1	C5	native	measured	dynamic-html-derived-v1	88	1	c768fb5bc7444dbba8fb5bc744cdbbbf	NW410	420	node_monotonic_same_invocation	709916663384	ns	412815d5a6fc	native_action	8	completed
c5-timing-event-v1	C5	native	measured	dynamic-html-derived-v1	88	1	c768fb5bc7444dbba8fb5bc744cdbbbf	N410	430	node_monotonic_same_invocation	709916675798	ns	412815d5a6fc	native_action	8	completed
c5-timing-event-v1	C5	native	measured	dynamic-html-derived-v1	89	1	6b72e66d11644115b2e66d1164a11502	N400	400	node_monotonic_same_invocation	713016642038	ns	db7517d89754	native_action	8	started
c5-timing-event-v1	C5	native	measured	dynamic-html-derived-v1	89	1	6b72e66d11644115b2e66d1164a11502	NW400	410	node_monotonic_same_invocation	713016649174	ns	db7517d89754	native_action	8	started
c5-timing-event-v1	C5	native	measured	dynamic-html-derived-v1	89	1	6b72e66d11644115b2e66d1164a11502	NW410	420	node_monotonic_same_invocation	713026129435	ns	db7517d89754	native_action	8	completed
c5-timing-event-v1	C5	native	measured	dynamic-html-derived-v1	89	1	6b72e66d11644115b2e66d1164a11502	N410	430	node_monotonic_same_invocation	713026136847	ns	db7517d89754	native_action	8	completed
c5-timing-event-v1	C5	native	measured	dynamic-html-derived-v1	90	1	be04ba7470e341ae84ba7470e391aec5	N400	400	node_monotonic_same_invocation	713061100096	ns	db7517d89754	native_action	8	started
c5-timing-event-v1	C5	native	measured	dynamic-html-derived-v1	90	1	be04ba7470e341ae84ba7470e391aec5	NW400	410	node_monotonic_same_invocation	713061106025	ns	db7517d89754	native_action	8	started
c5-timing-event-v1	C5	native	measured	dynamic-html-derived-v1	90	1	be04ba7470e341ae84ba7470e391aec5	NW410	420	node_monotonic_same_invocation	713070359676	ns	db7517d89754	native_action	8	completed
c5-timing-event-v1	C5	native	measured	dynamic-html-derived-v1	90	1	be04ba7470e341ae84ba7470e391aec5	N410	430	node_monotonic_same_invocation	713070366545	ns	db7517d89754	native_action	8	completed
c5-timing-event-v1	C5	native	measured	dynamic-html-derived-v1	91	1	7f3d0291eeea499dbd0291eeeaf99d3b	N400	400	node_monotonic_same_invocation	713103291562	ns	db7517d89754	native_action	8	started
c5-timing-event-v1	C5	native	measured	dynamic-html-derived-v1	91	1	7f3d0291eeea499dbd0291eeeaf99d3b	NW400	410	node_monotonic_same_invocation	713103297771	ns	db7517d89754	native_action	8	started
c5-timing-event-v1	C5	native	measured	dynamic-html-derived-v1	91	1	7f3d0291eeea499dbd0291eeeaf99d3b	NW410	420	node_monotonic_same_invocation	713112527394	ns	db7517d89754	native_action	8	completed
c5-timing-event-v1	C5	native	measured	dynamic-html-derived-v1	91	1	7f3d0291eeea499dbd0291eeeaf99d3b	N410	430	node_monotonic_same_invocation	713112534162	ns	db7517d89754	native_action	8	completed
c5-timing-event-v1	C5	native	measured	dynamic-html-derived-v1	92	1	0963ca91f8c147e2a3ca91f8c1e7e23b	N400	400	node_monotonic_same_invocation	713136256604	ns	db7517d89754	native_action	8	started
c5-timing-event-v1	C5	native	measured	dynamic-html-derived-v1	92	1	0963ca91f8c147e2a3ca91f8c1e7e23b	NW400	410	node_monotonic_same_invocation	713136262360	ns	db7517d89754	native_action	8	started
c5-timing-event-v1	C5	native	measured	dynamic-html-derived-v1	92	1	0963ca91f8c147e2a3ca91f8c1e7e23b	NW410	420	node_monotonic_same_invocation	713145609511	ns	db7517d89754	native_action	8	completed
c5-timing-event-v1	C5	native	measured	dynamic-html-derived-v1	92	1	0963ca91f8c147e2a3ca91f8c1e7e23b	N410	430	node_monotonic_same_invocation	713145616307	ns	db7517d89754	native_action	8	completed
c5-timing-event-v1	C5	native	measured	dynamic-html-derived-v1	93	1	b477615a02314114b7615a0231d11407	N400	400	node_monotonic_same_invocation	710160691376	ns	412815d5a6fc	native_action	8	started
c5-timing-event-v1	C5	native	measured	dynamic-html-derived-v1	93	1	b477615a02314114b7615a0231d11407	NW400	410	node_monotonic_same_invocation	710160703258	ns	412815d5a6fc	native_action	8	started
c5-timing-event-v1	C5	native	measured	dynamic-html-derived-v1	93	1	b477615a02314114b7615a0231d11407	NW410	420	node_monotonic_same_invocation	710170457023	ns	412815d5a6fc	native_action	8	completed
c5-timing-event-v1	C5	native	measured	dynamic-html-derived-v1	93	1	b477615a02314114b7615a0231d11407	N410	430	node_monotonic_same_invocation	710170469245	ns	412815d5a6fc	native_action	8	completed
c5-timing-event-v1	C5	native	measured	dynamic-html-derived-v1	94	1	b9bc699ad07646e1bc699ad07616e168	N400	400	node_monotonic_same_invocation	713188206460	ns	db7517d89754	native_action	8	started
c5-timing-event-v1	C5	native	measured	dynamic-html-derived-v1	94	1	b9bc699ad07646e1bc699ad07616e168	NW400	410	node_monotonic_same_invocation	713188214170	ns	db7517d89754	native_action	8	started
c5-timing-event-v1	C5	native	measured	dynamic-html-derived-v1	94	1	b9bc699ad07646e1bc699ad07616e168	NW410	420	node_monotonic_same_invocation	713197683959	ns	db7517d89754	native_action	8	completed
c5-timing-event-v1	C5	native	measured	dynamic-html-derived-v1	94	1	b9bc699ad07646e1bc699ad07616e168	N410	430	node_monotonic_same_invocation	713197690791	ns	db7517d89754	native_action	8	completed
c5-timing-event-v1	C5	native	measured	dynamic-html-derived-v1	95	1	35bb5cc3043c41a6bb5cc3043c31a636	N400	400	node_monotonic_same_invocation	713218254518	ns	db7517d89754	native_action	8	started
c5-timing-event-v1	C5	native	measured	dynamic-html-derived-v1	95	1	35bb5cc3043c41a6bb5cc3043c31a636	NW400	410	node_monotonic_same_invocation	713218260911	ns	db7517d89754	native_action	8	started
c5-timing-event-v1	C5	native	measured	dynamic-html-derived-v1	95	1	35bb5cc3043c41a6bb5cc3043c31a636	NW410	420	node_monotonic_same_invocation	713228026599	ns	db7517d89754	native_action	8	completed
c5-timing-event-v1	C5	native	measured	dynamic-html-derived-v1	95	1	35bb5cc3043c41a6bb5cc3043c31a636	N410	430	node_monotonic_same_invocation	713228033739	ns	db7517d89754	native_action	8	completed
c5-timing-event-v1	C5	native	measured	dynamic-html-derived-v1	96	1	cd9004c976d4421a9004c976d4e21ae0	N400	400	node_monotonic_same_invocation	710258774222	ns	412815d5a6fc	native_action	8	started
c5-timing-event-v1	C5	native	measured	dynamic-html-derived-v1	96	1	cd9004c976d4421a9004c976d4e21ae0	NW400	410	node_monotonic_same_invocation	710258785505	ns	412815d5a6fc	native_action	8	started
c5-timing-event-v1	C5	native	measured	dynamic-html-derived-v1	96	1	cd9004c976d4421a9004c976d4e21ae0	NW410	420	node_monotonic_same_invocation	710268677628	ns	412815d5a6fc	native_action	8	completed
c5-timing-event-v1	C5	native	measured	dynamic-html-derived-v1	96	1	cd9004c976d4421a9004c976d4e21ae0	N410	430	node_monotonic_same_invocation	710268689736	ns	412815d5a6fc	native_action	8	completed
c5-timing-event-v1	C5	native	measured	dynamic-html-derived-v1	97	1	fc160f332f214212960f332f216212b2	N400	400	node_monotonic_same_invocation	713304553716	ns	db7517d89754	native_action	8	started
c5-timing-event-v1	C5	native	measured	dynamic-html-derived-v1	97	1	fc160f332f214212960f332f216212b2	NW400	410	node_monotonic_same_invocation	713304559468	ns	db7517d89754	native_action	8	started
c5-timing-event-v1	C5	native	measured	dynamic-html-derived-v1	97	1	fc160f332f214212960f332f216212b2	NW410	420	node_monotonic_same_invocation	713313835904	ns	db7517d89754	native_action	8	completed
c5-timing-event-v1	C5	native	measured	dynamic-html-derived-v1	97	1	fc160f332f214212960f332f216212b2	N410	430	node_monotonic_same_invocation	713313843265	ns	db7517d89754	native_action	8	completed
c5-timing-event-v1	C5	native	measured	dynamic-html-derived-v1	98	1	0a105c0bf8f646b2905c0bf8f606b275	N400	400	node_monotonic_same_invocation	713330030483	ns	db7517d89754	native_action	8	started
c5-timing-event-v1	C5	native	measured	dynamic-html-derived-v1	98	1	0a105c0bf8f646b2905c0bf8f606b275	NW400	410	node_monotonic_same_invocation	713330037457	ns	db7517d89754	native_action	8	started
c5-timing-event-v1	C5	native	measured	dynamic-html-derived-v1	98	1	0a105c0bf8f646b2905c0bf8f606b275	NW410	420	node_monotonic_same_invocation	713339691493	ns	db7517d89754	native_action	8	completed
c5-timing-event-v1	C5	native	measured	dynamic-html-derived-v1	98	1	0a105c0bf8f646b2905c0bf8f606b275	N410	430	node_monotonic_same_invocation	713339699470	ns	db7517d89754	native_action	8	completed
c5-timing-event-v1	C5	native	measured	dynamic-html-derived-v1	99	1	6b5702636e6542c69702636e6562c664	N400	400	node_monotonic_same_invocation	713390085174	ns	db7517d89754	native_action	8	started
c5-timing-event-v1	C5	native	measured	dynamic-html-derived-v1	99	1	6b5702636e6542c69702636e6562c664	NW400	410	node_monotonic_same_invocation	713390090967	ns	db7517d89754	native_action	8	started
c5-timing-event-v1	C5	native	measured	dynamic-html-derived-v1	99	1	6b5702636e6542c69702636e6562c664	NW410	420	node_monotonic_same_invocation	713399365683	ns	db7517d89754	native_action	8	completed
c5-timing-event-v1	C5	native	measured	dynamic-html-derived-v1	99	1	6b5702636e6542c69702636e6562c664	N410	430	node_monotonic_same_invocation	713399372416	ns	db7517d89754	native_action	8	completed
c5-timing-event-v1	C5	native	measured	dynamic-html-derived-v1	100	1	da77e0cc9dea4792b7e0cc9dea279236	N400	400	node_monotonic_same_invocation	710382729509	ns	412815d5a6fc	native_action	8	started
c5-timing-event-v1	C5	native	measured	dynamic-html-derived-v1	100	1	da77e0cc9dea4792b7e0cc9dea279236	NW400	410	node_monotonic_same_invocation	710382744273	ns	412815d5a6fc	native_action	8	started
c5-timing-event-v1	C5	native	measured	dynamic-html-derived-v1	100	1	da77e0cc9dea4792b7e0cc9dea279236	NW410	420	node_monotonic_same_invocation	710398627898	ns	412815d5a6fc	native_action	8	completed
c5-timing-event-v1	C5	native	measured	dynamic-html-derived-v1	100	1	da77e0cc9dea4792b7e0cc9dea279236	N410	430	node_monotonic_same_invocation	710398643866	ns	412815d5a6fc	native_action	8	completed
c5-timing-event-v1	C5	native	measured	dynamic-html-derived-v1	101	1	f263299b2b934c14a3299b2b937c1420	N400	400	node_monotonic_same_invocation	713439372989	ns	db7517d89754	native_action	8	started
c5-timing-event-v1	C5	native	measured	dynamic-html-derived-v1	101	1	f263299b2b934c14a3299b2b937c1420	NW400	410	node_monotonic_same_invocation	713439380219	ns	db7517d89754	native_action	8	started
c5-timing-event-v1	C5	native	measured	dynamic-html-derived-v1	101	1	f263299b2b934c14a3299b2b937c1420	NW410	420	node_monotonic_same_invocation	713449237333	ns	db7517d89754	native_action	8	completed
c5-timing-event-v1	C5	native	measured	dynamic-html-derived-v1	101	1	f263299b2b934c14a3299b2b937c1420	N410	430	node_monotonic_same_invocation	713449244660	ns	db7517d89754	native_action	8	completed
c5-timing-event-v1	C5	native	measured	dynamic-html-derived-v1	102	1	86acd596330c4e8eacd596330c1e8e64	N400	400	node_monotonic_same_invocation	710480492840	ns	412815d5a6fc	native_action	8	started
c5-timing-event-v1	C5	native	measured	dynamic-html-derived-v1	102	1	86acd596330c4e8eacd596330c1e8e64	NW400	410	node_monotonic_same_invocation	710480508557	ns	412815d5a6fc	native_action	8	started
c5-timing-event-v1	C5	native	measured	dynamic-html-derived-v1	102	1	86acd596330c4e8eacd596330c1e8e64	NW410	420	node_monotonic_same_invocation	710497852200	ns	412815d5a6fc	native_action	8	completed
c5-timing-event-v1	C5	native	measured	dynamic-html-derived-v1	102	1	86acd596330c4e8eacd596330c1e8e64	N410	430	node_monotonic_same_invocation	710497864898	ns	412815d5a6fc	native_action	8	completed
c5-timing-event-v1	C5	native	measured	dynamic-html-derived-v1	103	1	f07ae2eafa2d43a6bae2eafa2da3a667	N400	400	node_monotonic_same_invocation	713523527901	ns	db7517d89754	native_action	8	started
c5-timing-event-v1	C5	native	measured	dynamic-html-derived-v1	103	1	f07ae2eafa2d43a6bae2eafa2da3a667	NW400	410	node_monotonic_same_invocation	713523533630	ns	db7517d89754	native_action	8	started
c5-timing-event-v1	C5	native	measured	dynamic-html-derived-v1	103	1	f07ae2eafa2d43a6bae2eafa2da3a667	NW410	420	node_monotonic_same_invocation	713532987861	ns	db7517d89754	native_action	8	completed
c5-timing-event-v1	C5	native	measured	dynamic-html-derived-v1	103	1	f07ae2eafa2d43a6bae2eafa2da3a667	N410	430	node_monotonic_same_invocation	713532995119	ns	db7517d89754	native_action	8	completed
c5-timing-event-v1	C5	native	measured	dynamic-html-derived-v1	104	1	25a8ebc3e95b4b73a8ebc3e95b1b73cb	N400	400	node_monotonic_same_invocation	713549331358	ns	db7517d89754	native_action	8	started
c5-timing-event-v1	C5	native	measured	dynamic-html-derived-v1	104	1	25a8ebc3e95b4b73a8ebc3e95b1b73cb	NW400	410	node_monotonic_same_invocation	713549337002	ns	db7517d89754	native_action	8	started
c5-timing-event-v1	C5	native	measured	dynamic-html-derived-v1	104	1	25a8ebc3e95b4b73a8ebc3e95b1b73cb	NW410	420	node_monotonic_same_invocation	713558734920	ns	db7517d89754	native_action	8	completed
c5-timing-event-v1	C5	native	measured	dynamic-html-derived-v1	104	1	25a8ebc3e95b4b73a8ebc3e95b1b73cb	N410	430	node_monotonic_same_invocation	713558742110	ns	db7517d89754	native_action	8	completed
c5-timing-event-v1	C5	native	measured	dynamic-html-derived-v1	105	1	d5c507fefd5445ef8507fefd54c5ef73	N400	400	node_monotonic_same_invocation	713614404595	ns	db7517d89754	native_action	8	started
c5-timing-event-v1	C5	native	measured	dynamic-html-derived-v1	105	1	d5c507fefd5445ef8507fefd54c5ef73	NW400	410	node_monotonic_same_invocation	713614412043	ns	db7517d89754	native_action	8	started
c5-timing-event-v1	C5	native	measured	dynamic-html-derived-v1	105	1	d5c507fefd5445ef8507fefd54c5ef73	NW410	420	node_monotonic_same_invocation	713624244245	ns	db7517d89754	native_action	8	completed
c5-timing-event-v1	C5	native	measured	dynamic-html-derived-v1	105	1	d5c507fefd5445ef8507fefd54c5ef73	N410	430	node_monotonic_same_invocation	713624251257	ns	db7517d89754	native_action	8	completed
c5-timing-event-v1	C5	native	measured	dynamic-html-derived-v1	106	1	24835d3559ac46ef835d3559ac16efc1	N400	400	node_monotonic_same_invocation	713668906855	ns	db7517d89754	native_action	8	started
c5-timing-event-v1	C5	native	measured	dynamic-html-derived-v1	106	1	24835d3559ac46ef835d3559ac16efc1	NW400	410	node_monotonic_same_invocation	713668912464	ns	db7517d89754	native_action	8	started
c5-timing-event-v1	C5	native	measured	dynamic-html-derived-v1	106	1	24835d3559ac46ef835d3559ac16efc1	NW410	420	node_monotonic_same_invocation	713678287042	ns	db7517d89754	native_action	8	completed
c5-timing-event-v1	C5	native	measured	dynamic-html-derived-v1	106	1	24835d3559ac46ef835d3559ac16efc1	N410	430	node_monotonic_same_invocation	713678294237	ns	db7517d89754	native_action	8	completed
c5-timing-event-v1	C5	native	measured	dynamic-html-derived-v1	107	1	579946469c834a0c9946469c831a0c37	N400	400	node_monotonic_same_invocation	710627247643	ns	412815d5a6fc	native_action	8	started
c5-timing-event-v1	C5	native	measured	dynamic-html-derived-v1	107	1	579946469c834a0c9946469c831a0c37	NW400	410	node_monotonic_same_invocation	710627259407	ns	412815d5a6fc	native_action	8	started
c5-timing-event-v1	C5	native	measured	dynamic-html-derived-v1	107	1	579946469c834a0c9946469c831a0c37	NW410	420	node_monotonic_same_invocation	710636967862	ns	412815d5a6fc	native_action	8	completed
c5-timing-event-v1	C5	native	measured	dynamic-html-derived-v1	107	1	579946469c834a0c9946469c831a0c37	N410	430	node_monotonic_same_invocation	710636979648	ns	412815d5a6fc	native_action	8	completed
c5-timing-event-v1	C5	native	measured	dynamic-html-derived-v1	108	1	159919da227142ba9919da2271e2ba2b	N400	400	node_monotonic_same_invocation	713702837881	ns	db7517d89754	native_action	8	started
c5-timing-event-v1	C5	native	measured	dynamic-html-derived-v1	108	1	159919da227142ba9919da2271e2ba2b	NW400	410	node_monotonic_same_invocation	713702846766	ns	db7517d89754	native_action	8	started
c5-timing-event-v1	C5	native	measured	dynamic-html-derived-v1	108	1	159919da227142ba9919da2271e2ba2b	NW410	420	node_monotonic_same_invocation	713712260761	ns	db7517d89754	native_action	8	completed
c5-timing-event-v1	C5	native	measured	dynamic-html-derived-v1	108	1	159919da227142ba9919da2271e2ba2b	N410	430	node_monotonic_same_invocation	713712267557	ns	db7517d89754	native_action	8	completed
c5-timing-event-v1	C5	native	measured	dynamic-html-derived-v1	109	1	27e8234c53284b54a8234c53280b546e	N400	400	node_monotonic_same_invocation	713775089058	ns	db7517d89754	native_action	8	started
c5-timing-event-v1	C5	native	measured	dynamic-html-derived-v1	109	1	27e8234c53284b54a8234c53280b546e	NW400	410	node_monotonic_same_invocation	713775095976	ns	db7517d89754	native_action	8	started
c5-timing-event-v1	C5	native	measured	dynamic-html-derived-v1	109	1	27e8234c53284b54a8234c53280b546e	NW410	420	node_monotonic_same_invocation	713784648814	ns	db7517d89754	native_action	8	completed
c5-timing-event-v1	C5	native	measured	dynamic-html-derived-v1	109	1	27e8234c53284b54a8234c53280b546e	N410	430	node_monotonic_same_invocation	713784655438	ns	db7517d89754	native_action	8	completed
c5-timing-event-v1	C5	native	measured	dynamic-html-derived-v1	110	1	d8c9cd121b7c44e389cd121b7c94e381	N400	400	node_monotonic_same_invocation	710741101900	ns	412815d5a6fc	native_action	8	started
c5-timing-event-v1	C5	native	measured	dynamic-html-derived-v1	110	1	d8c9cd121b7c44e389cd121b7c94e381	NW400	410	node_monotonic_same_invocation	710741116122	ns	412815d5a6fc	native_action	8	started
c5-timing-event-v1	C5	native	measured	dynamic-html-derived-v1	110	1	d8c9cd121b7c44e389cd121b7c94e381	NW410	420	node_monotonic_same_invocation	710762122690	ns	412815d5a6fc	native_action	8	completed
c5-timing-event-v1	C5	native	measured	dynamic-html-derived-v1	110	1	d8c9cd121b7c44e389cd121b7c94e381	N410	430	node_monotonic_same_invocation	710762139940	ns	412815d5a6fc	native_action	8	completed
c5-timing-event-v1	C5	native	measured	dynamic-html-derived-v1	111	1	a032c13daf15495eb2c13daf15495e61	N400	400	node_monotonic_same_invocation	713812943995	ns	db7517d89754	native_action	8	started
c5-timing-event-v1	C5	native	measured	dynamic-html-derived-v1	111	1	a032c13daf15495eb2c13daf15495e61	NW400	410	node_monotonic_same_invocation	713812951118	ns	db7517d89754	native_action	8	started
c5-timing-event-v1	C5	native	measured	dynamic-html-derived-v1	111	1	a032c13daf15495eb2c13daf15495e61	NW410	420	node_monotonic_same_invocation	713822573046	ns	db7517d89754	native_action	8	completed
c5-timing-event-v1	C5	native	measured	dynamic-html-derived-v1	111	1	a032c13daf15495eb2c13daf15495e61	N410	430	node_monotonic_same_invocation	713822579949	ns	db7517d89754	native_action	8	completed
c5-timing-event-v1	C5	native	measured	dynamic-html-derived-v1	112	1	89a58a4ce23546eca58a4ce235c6ecfc	N400	400	node_monotonic_same_invocation	713909680078	ns	db7517d89754	native_action	8	started
c5-timing-event-v1	C5	native	measured	dynamic-html-derived-v1	112	1	89a58a4ce23546eca58a4ce235c6ecfc	NW400	410	node_monotonic_same_invocation	713909685930	ns	db7517d89754	native_action	8	started
c5-timing-event-v1	C5	native	measured	dynamic-html-derived-v1	112	1	89a58a4ce23546eca58a4ce235c6ecfc	NW410	420	node_monotonic_same_invocation	713919070293	ns	db7517d89754	native_action	8	completed
c5-timing-event-v1	C5	native	measured	dynamic-html-derived-v1	112	1	89a58a4ce23546eca58a4ce235c6ecfc	N410	430	node_monotonic_same_invocation	713919077642	ns	db7517d89754	native_action	8	completed
c5-timing-event-v1	C5	native	measured	dynamic-html-derived-v1	113	1	4d4396a789af42b98396a789af22b902	N400	400	node_monotonic_same_invocation	713994363292	ns	db7517d89754	native_action	8	started
c5-timing-event-v1	C5	native	measured	dynamic-html-derived-v1	113	1	4d4396a789af42b98396a789af22b902	NW400	410	node_monotonic_same_invocation	713994370592	ns	db7517d89754	native_action	8	started
c5-timing-event-v1	C5	native	measured	dynamic-html-derived-v1	113	1	4d4396a789af42b98396a789af22b902	NW410	420	node_monotonic_same_invocation	714007492844	ns	db7517d89754	native_action	8	completed
c5-timing-event-v1	C5	native	measured	dynamic-html-derived-v1	113	1	4d4396a789af42b98396a789af22b902	N410	430	node_monotonic_same_invocation	714007500273	ns	db7517d89754	native_action	8	completed
c5-timing-event-v1	C5	native	measured	dynamic-html-derived-v1	114	1	87faf5707506469dbaf5707506369dd5	N400	400	node_monotonic_same_invocation	710946496211	ns	412815d5a6fc	native_action	8	started
c5-timing-event-v1	C5	native	measured	dynamic-html-derived-v1	114	1	87faf5707506469dbaf5707506369dd5	NW400	410	node_monotonic_same_invocation	710946508942	ns	412815d5a6fc	native_action	8	started
c5-timing-event-v1	C5	native	measured	dynamic-html-derived-v1	114	1	87faf5707506469dbaf5707506369dd5	NW410	420	node_monotonic_same_invocation	710956147331	ns	412815d5a6fc	native_action	8	completed
c5-timing-event-v1	C5	native	measured	dynamic-html-derived-v1	114	1	87faf5707506469dbaf5707506369dd5	N410	430	node_monotonic_same_invocation	710956158939	ns	412815d5a6fc	native_action	8	completed
c5-timing-event-v1	C5	native	measured	dynamic-html-derived-v1	115	1	7312ce9696b9472092ce9696b93720ac	N400	400	node_monotonic_same_invocation	714046188451	ns	db7517d89754	native_action	8	started
c5-timing-event-v1	C5	native	measured	dynamic-html-derived-v1	115	1	7312ce9696b9472092ce9696b93720ac	NW400	410	node_monotonic_same_invocation	714046194449	ns	db7517d89754	native_action	8	started
c5-timing-event-v1	C5	native	measured	dynamic-html-derived-v1	115	1	7312ce9696b9472092ce9696b93720ac	NW410	420	node_monotonic_same_invocation	714055658949	ns	db7517d89754	native_action	8	completed
c5-timing-event-v1	C5	native	measured	dynamic-html-derived-v1	115	1	7312ce9696b9472092ce9696b93720ac	N410	430	node_monotonic_same_invocation	714055665583	ns	db7517d89754	native_action	8	completed
c5-timing-event-v1	C5	native	measured	dynamic-html-derived-v1	116	1	1da618bf90af4dc9a618bf90af0dc9ff	N400	400	node_monotonic_same_invocation	714094127754	ns	db7517d89754	native_action	8	started
c5-timing-event-v1	C5	native	measured	dynamic-html-derived-v1	116	1	1da618bf90af4dc9a618bf90af0dc9ff	NW400	410	node_monotonic_same_invocation	714094133487	ns	db7517d89754	native_action	8	started
c5-timing-event-v1	C5	native	measured	dynamic-html-derived-v1	116	1	1da618bf90af4dc9a618bf90af0dc9ff	NW410	420	node_monotonic_same_invocation	714103497043	ns	db7517d89754	native_action	8	completed
c5-timing-event-v1	C5	native	measured	dynamic-html-derived-v1	116	1	1da618bf90af4dc9a618bf90af0dc9ff	N410	430	node_monotonic_same_invocation	714103503797	ns	db7517d89754	native_action	8	completed
c5-timing-event-v1	C5	native	measured	dynamic-html-derived-v1	117	1	6c31f671a2a94abeb1f671a2a95abe60	N400	400	node_monotonic_same_invocation	714121626191	ns	db7517d89754	native_action	8	started
c5-timing-event-v1	C5	native	measured	dynamic-html-derived-v1	117	1	6c31f671a2a94abeb1f671a2a95abe60	NW400	410	node_monotonic_same_invocation	714121631952	ns	db7517d89754	native_action	8	started
c5-timing-event-v1	C5	native	measured	dynamic-html-derived-v1	117	1	6c31f671a2a94abeb1f671a2a95abe60	NW410	420	node_monotonic_same_invocation	714130963498	ns	db7517d89754	native_action	8	completed
c5-timing-event-v1	C5	native	measured	dynamic-html-derived-v1	117	1	6c31f671a2a94abeb1f671a2a95abe60	N410	430	node_monotonic_same_invocation	714130969784	ns	db7517d89754	native_action	8	completed
c5-timing-event-v1	C5	native	measured	dynamic-html-derived-v1	118	1	6d788a4b788b4115b88a4b788b011587	N400	400	node_monotonic_same_invocation	714168241065	ns	db7517d89754	native_action	8	started
c5-timing-event-v1	C5	native	measured	dynamic-html-derived-v1	118	1	6d788a4b788b4115b88a4b788b011587	NW400	410	node_monotonic_same_invocation	714168248426	ns	db7517d89754	native_action	8	started
c5-timing-event-v1	C5	native	measured	dynamic-html-derived-v1	118	1	6d788a4b788b4115b88a4b788b011587	NW410	420	node_monotonic_same_invocation	714184920015	ns	db7517d89754	native_action	8	completed
c5-timing-event-v1	C5	native	measured	dynamic-html-derived-v1	118	1	6d788a4b788b4115b88a4b788b011587	N410	430	node_monotonic_same_invocation	714184927771	ns	db7517d89754	native_action	8	completed
c5-timing-event-v1	C5	native	measured	dynamic-html-derived-v1	119	1	52f03925660545f3b039256605b5f3f2	N400	400	node_monotonic_same_invocation	711160368634	ns	412815d5a6fc	native_action	8	started
c5-timing-event-v1	C5	native	measured	dynamic-html-derived-v1	119	1	52f03925660545f3b039256605b5f3f2	NW400	410	node_monotonic_same_invocation	711160384465	ns	412815d5a6fc	native_action	8	started
c5-timing-event-v1	C5	native	measured	dynamic-html-derived-v1	119	1	52f03925660545f3b039256605b5f3f2	NW410	420	node_monotonic_same_invocation	711173544719	ns	412815d5a6fc	native_action	8	completed
c5-timing-event-v1	C5	native	measured	dynamic-html-derived-v1	119	1	52f03925660545f3b039256605b5f3f2	N410	430	node_monotonic_same_invocation	711173558756	ns	412815d5a6fc	native_action	8	completed
c5-timing-event-v1	C5	native	measured	dynamic-html-derived-v1	120	1	b2f9d0f3ae5d4e6ab9d0f3ae5d4e6a4f	N400	400	node_monotonic_same_invocation	714228368231	ns	db7517d89754	native_action	8	started
c5-timing-event-v1	C5	native	measured	dynamic-html-derived-v1	120	1	b2f9d0f3ae5d4e6ab9d0f3ae5d4e6a4f	NW400	410	node_monotonic_same_invocation	714228375215	ns	db7517d89754	native_action	8	started
c5-timing-event-v1	C5	native	measured	dynamic-html-derived-v1	120	1	b2f9d0f3ae5d4e6ab9d0f3ae5d4e6a4f	NW410	420	node_monotonic_same_invocation	714237956179	ns	db7517d89754	native_action	8	completed
c5-timing-event-v1	C5	native	measured	dynamic-html-derived-v1	120	1	b2f9d0f3ae5d4e6ab9d0f3ae5d4e6a4f	N410	430	node_monotonic_same_invocation	714237963368	ns	db7517d89754	native_action	8	completed
c5-timing-event-v1	C5	native	measured	dynamic-html-derived-v1	121	1	527447a6ebda4abdb447a6ebda7abdff	N400	400	node_monotonic_same_invocation	714305351027	ns	db7517d89754	native_action	8	started
c5-timing-event-v1	C5	native	measured	dynamic-html-derived-v1	121	1	527447a6ebda4abdb447a6ebda7abdff	NW400	410	node_monotonic_same_invocation	714305357189	ns	db7517d89754	native_action	8	started
c5-timing-event-v1	C5	native	measured	dynamic-html-derived-v1	121	1	527447a6ebda4abdb447a6ebda7abdff	NW410	420	node_monotonic_same_invocation	714314630648	ns	db7517d89754	native_action	8	completed
c5-timing-event-v1	C5	native	measured	dynamic-html-derived-v1	121	1	527447a6ebda4abdb447a6ebda7abdff	N410	430	node_monotonic_same_invocation	714314637053	ns	db7517d89754	native_action	8	completed
c5-timing-event-v1	C5	native	measured	dynamic-html-derived-v1	122	1	aeccb5a7730f48768cb5a7730f5876ec	N400	400	node_monotonic_same_invocation	711272337709	ns	412815d5a6fc	native_action	8	started
c5-timing-event-v1	C5	native	measured	dynamic-html-derived-v1	122	1	aeccb5a7730f48768cb5a7730f5876ec	NW400	410	node_monotonic_same_invocation	711272349473	ns	412815d5a6fc	native_action	8	started
c5-timing-event-v1	C5	native	measured	dynamic-html-derived-v1	122	1	aeccb5a7730f48768cb5a7730f5876ec	NW410	420	node_monotonic_same_invocation	711282849890	ns	412815d5a6fc	native_action	8	completed
c5-timing-event-v1	C5	native	measured	dynamic-html-derived-v1	122	1	aeccb5a7730f48768cb5a7730f5876ec	N410	430	node_monotonic_same_invocation	711282863844	ns	412815d5a6fc	native_action	8	completed
c5-timing-event-v1	C5	native	measured	dynamic-html-derived-v1	123	1	29ccfbea704e4b648cfbea704ecb641a	N400	400	node_monotonic_same_invocation	714389858887	ns	db7517d89754	native_action	8	started
c5-timing-event-v1	C5	native	measured	dynamic-html-derived-v1	123	1	29ccfbea704e4b648cfbea704ecb641a	NW400	410	node_monotonic_same_invocation	714389864759	ns	db7517d89754	native_action	8	started
c5-timing-event-v1	C5	native	measured	dynamic-html-derived-v1	123	1	29ccfbea704e4b648cfbea704ecb641a	NW410	420	node_monotonic_same_invocation	714399285224	ns	db7517d89754	native_action	8	completed
c5-timing-event-v1	C5	native	measured	dynamic-html-derived-v1	123	1	29ccfbea704e4b648cfbea704ecb641a	N410	430	node_monotonic_same_invocation	714399292528	ns	db7517d89754	native_action	8	completed
c5-timing-event-v1	C5	native	measured	dynamic-html-derived-v1	124	1	ac59fa12dd2c416d99fa12dd2ce16dbc	N400	400	node_monotonic_same_invocation	714480223906	ns	db7517d89754	native_action	8	started
c5-timing-event-v1	C5	native	measured	dynamic-html-derived-v1	124	1	ac59fa12dd2c416d99fa12dd2ce16dbc	NW400	410	node_monotonic_same_invocation	714480231329	ns	db7517d89754	native_action	8	started
c5-timing-event-v1	C5	native	measured	dynamic-html-derived-v1	124	1	ac59fa12dd2c416d99fa12dd2ce16dbc	NW410	420	node_monotonic_same_invocation	714496447799	ns	db7517d89754	native_action	8	completed
c5-timing-event-v1	C5	native	measured	dynamic-html-derived-v1	124	1	ac59fa12dd2c416d99fa12dd2ce16dbc	N410	430	node_monotonic_same_invocation	714496456919	ns	db7517d89754	native_action	8	completed
c5-timing-event-v1	C5	native	measured	dynamic-html-derived-v1	125	1	942501bb9ddc4679a501bb9ddc567978	N400	400	node_monotonic_same_invocation	711436271110	ns	412815d5a6fc	native_action	8	started
c5-timing-event-v1	C5	native	measured	dynamic-html-derived-v1	125	1	942501bb9ddc4679a501bb9ddc567978	NW400	410	node_monotonic_same_invocation	711436282767	ns	412815d5a6fc	native_action	8	started
c5-timing-event-v1	C5	native	measured	dynamic-html-derived-v1	125	1	942501bb9ddc4679a501bb9ddc567978	NW410	420	node_monotonic_same_invocation	711446017277	ns	412815d5a6fc	native_action	8	completed
c5-timing-event-v1	C5	native	measured	dynamic-html-derived-v1	125	1	942501bb9ddc4679a501bb9ddc567978	N410	430	node_monotonic_same_invocation	711446029246	ns	412815d5a6fc	native_action	8	completed
c5-timing-event-v1	C5	native	measured	dynamic-html-derived-v1	126	1	68c3e3b4894b4d9183e3b4894b0d91b6	N400	400	node_monotonic_same_invocation	714534608815	ns	db7517d89754	native_action	8	started
c5-timing-event-v1	C5	native	measured	dynamic-html-derived-v1	126	1	68c3e3b4894b4d9183e3b4894b0d91b6	NW400	410	node_monotonic_same_invocation	714534614346	ns	db7517d89754	native_action	8	started
c5-timing-event-v1	C5	native	measured	dynamic-html-derived-v1	126	1	68c3e3b4894b4d9183e3b4894b0d91b6	NW410	420	node_monotonic_same_invocation	714543997187	ns	db7517d89754	native_action	8	completed
c5-timing-event-v1	C5	native	measured	dynamic-html-derived-v1	126	1	68c3e3b4894b4d9183e3b4894b0d91b6	N410	430	node_monotonic_same_invocation	714544016594	ns	db7517d89754	native_action	8	completed
c5-timing-event-v1	C5	native	measured	dynamic-html-derived-v1	127	1	8f4942fc9c9d45ac8942fc9c9d35ac2b	N400	400	node_monotonic_same_invocation	714617003299	ns	db7517d89754	native_action	8	started
c5-timing-event-v1	C5	native	measured	dynamic-html-derived-v1	127	1	8f4942fc9c9d45ac8942fc9c9d35ac2b	NW400	410	node_monotonic_same_invocation	714617009510	ns	db7517d89754	native_action	8	started
c5-timing-event-v1	C5	native	measured	dynamic-html-derived-v1	127	1	8f4942fc9c9d45ac8942fc9c9d35ac2b	NW410	420	node_monotonic_same_invocation	714626435182	ns	db7517d89754	native_action	8	completed
c5-timing-event-v1	C5	native	measured	dynamic-html-derived-v1	127	1	8f4942fc9c9d45ac8942fc9c9d35ac2b	N410	430	node_monotonic_same_invocation	714626441875	ns	db7517d89754	native_action	8	completed
c5-timing-event-v1	C5	native	measured	dynamic-html-derived-v1	128	1	c532757ecaf04bc7b2757ecaf0dbc704	N400	400	node_monotonic_same_invocation	711572515005	ns	412815d5a6fc	native_action	8	started
c5-timing-event-v1	C5	native	measured	dynamic-html-derived-v1	128	1	c532757ecaf04bc7b2757ecaf0dbc704	NW400	410	node_monotonic_same_invocation	711572530029	ns	412815d5a6fc	native_action	8	started
c5-timing-event-v1	C5	native	measured	dynamic-html-derived-v1	128	1	c532757ecaf04bc7b2757ecaf0dbc704	NW410	420	node_monotonic_same_invocation	711582502759	ns	412815d5a6fc	native_action	8	completed
c5-timing-event-v1	C5	native	measured	dynamic-html-derived-v1	128	1	c532757ecaf04bc7b2757ecaf0dbc704	N410	430	node_monotonic_same_invocation	711582514621	ns	412815d5a6fc	native_action	8	completed
c5-timing-event-v1	C5	native	measured	dynamic-html-derived-v1	129	1	52a8b8686dce4002a8b8686dce80028e	N400	400	node_monotonic_same_invocation	714663281427	ns	db7517d89754	native_action	8	started
c5-timing-event-v1	C5	native	measured	dynamic-html-derived-v1	129	1	52a8b8686dce4002a8b8686dce80028e	NW400	410	node_monotonic_same_invocation	714663289283	ns	db7517d89754	native_action	8	started
c5-timing-event-v1	C5	native	measured	dynamic-html-derived-v1	129	1	52a8b8686dce4002a8b8686dce80028e	NW410	420	node_monotonic_same_invocation	714674826248	ns	db7517d89754	native_action	8	completed
c5-timing-event-v1	C5	native	measured	dynamic-html-derived-v1	129	1	52a8b8686dce4002a8b8686dce80028e	N410	430	node_monotonic_same_invocation	714674833186	ns	db7517d89754	native_action	8	completed
c5-timing-event-v1	C5	native	measured	dynamic-html-derived-v1	130	1	985924ab8cb5458a9924ab8cb5458a52	N400	400	node_monotonic_same_invocation	714719142046	ns	db7517d89754	native_action	8	started
c5-timing-event-v1	C5	native	measured	dynamic-html-derived-v1	130	1	985924ab8cb5458a9924ab8cb5458a52	NW400	410	node_monotonic_same_invocation	714719147850	ns	db7517d89754	native_action	8	started
c5-timing-event-v1	C5	native	measured	dynamic-html-derived-v1	130	1	985924ab8cb5458a9924ab8cb5458a52	NW410	420	node_monotonic_same_invocation	714728669001	ns	db7517d89754	native_action	8	completed
c5-timing-event-v1	C5	native	measured	dynamic-html-derived-v1	130	1	985924ab8cb5458a9924ab8cb5458a52	N410	430	node_monotonic_same_invocation	714728675638	ns	db7517d89754	native_action	8	completed
c5-timing-event-v1	C5	native	measured	dynamic-html-derived-v1	131	1	76f7bc55619b4a2fb7bc55619b6a2f72	N400	400	node_monotonic_same_invocation	714746923479	ns	db7517d89754	native_action	8	started
c5-timing-event-v1	C5	native	measured	dynamic-html-derived-v1	131	1	76f7bc55619b4a2fb7bc55619b6a2f72	NW400	410	node_monotonic_same_invocation	714746930851	ns	db7517d89754	native_action	8	started
c5-timing-event-v1	C5	native	measured	dynamic-html-derived-v1	131	1	76f7bc55619b4a2fb7bc55619b6a2f72	NW410	420	node_monotonic_same_invocation	714757373184	ns	db7517d89754	native_action	8	completed
c5-timing-event-v1	C5	native	measured	dynamic-html-derived-v1	131	1	76f7bc55619b4a2fb7bc55619b6a2f72	N410	430	node_monotonic_same_invocation	714757380781	ns	db7517d89754	native_action	8	completed
c5-timing-event-v1	C5	native	measured	dynamic-html-derived-v1	132	1	5e02a709a79b421282a709a79bc2125e	N400	400	node_monotonic_same_invocation	714844401857	ns	db7517d89754	native_action	8	started
c5-timing-event-v1	C5	native	measured	dynamic-html-derived-v1	132	1	5e02a709a79b421282a709a79bc2125e	NW400	410	node_monotonic_same_invocation	714844409486	ns	db7517d89754	native_action	8	started
c5-timing-event-v1	C5	native	measured	dynamic-html-derived-v1	132	1	5e02a709a79b421282a709a79bc2125e	NW410	420	node_monotonic_same_invocation	714853952909	ns	db7517d89754	native_action	8	completed
c5-timing-event-v1	C5	native	measured	dynamic-html-derived-v1	132	1	5e02a709a79b421282a709a79bc2125e	N410	430	node_monotonic_same_invocation	714853959853	ns	db7517d89754	native_action	8	completed
c5-timing-event-v1	C5	native	measured	dynamic-html-derived-v1	133	1	f3344ebd66c34d62b44ebd66c32d62b9	N400	400	node_monotonic_same_invocation	711797646570	ns	412815d5a6fc	native_action	8	started
c5-timing-event-v1	C5	native	measured	dynamic-html-derived-v1	133	1	f3344ebd66c34d62b44ebd66c32d62b9	NW400	410	node_monotonic_same_invocation	711797657595	ns	412815d5a6fc	native_action	8	started
c5-timing-event-v1	C5	native	measured	dynamic-html-derived-v1	133	1	f3344ebd66c34d62b44ebd66c32d62b9	NW410	420	node_monotonic_same_invocation	711807615593	ns	412815d5a6fc	native_action	8	completed
c5-timing-event-v1	C5	native	measured	dynamic-html-derived-v1	133	1	f3344ebd66c34d62b44ebd66c32d62b9	N410	430	node_monotonic_same_invocation	711807627244	ns	412815d5a6fc	native_action	8	completed
c5-timing-event-v1	C5	native	measured	dynamic-html-derived-v1	134	1	c89c032b8832436a9c032b8832636a13	N400	400	node_monotonic_same_invocation	714886171644	ns	db7517d89754	native_action	8	started
c5-timing-event-v1	C5	native	measured	dynamic-html-derived-v1	134	1	c89c032b8832436a9c032b8832636a13	NW400	410	node_monotonic_same_invocation	714886187945	ns	db7517d89754	native_action	8	started
c5-timing-event-v1	C5	native	measured	dynamic-html-derived-v1	134	1	c89c032b8832436a9c032b8832636a13	NW410	420	node_monotonic_same_invocation	714896143988	ns	db7517d89754	native_action	8	completed
c5-timing-event-v1	C5	native	measured	dynamic-html-derived-v1	134	1	c89c032b8832436a9c032b8832636a13	N410	430	node_monotonic_same_invocation	714896151147	ns	db7517d89754	native_action	8	completed
c5-timing-event-v1	C5	native	measured	dynamic-html-derived-v1	135	1	c21a2b3b6a734bba9a2b3b6a733bba62	N400	400	node_monotonic_same_invocation	714993477488	ns	db7517d89754	native_action	8	started
c5-timing-event-v1	C5	native	measured	dynamic-html-derived-v1	135	1	c21a2b3b6a734bba9a2b3b6a733bba62	NW400	410	node_monotonic_same_invocation	714993484381	ns	db7517d89754	native_action	8	started
c5-timing-event-v1	C5	native	measured	dynamic-html-derived-v1	135	1	c21a2b3b6a734bba9a2b3b6a733bba62	NW410	420	node_monotonic_same_invocation	715002922105	ns	db7517d89754	native_action	8	completed
c5-timing-event-v1	C5	native	measured	dynamic-html-derived-v1	135	1	c21a2b3b6a734bba9a2b3b6a733bba62	N410	430	node_monotonic_same_invocation	715002929332	ns	db7517d89754	native_action	8	completed
c5-timing-event-v1	C5	native	measured	dynamic-html-derived-v1	136	1	cd507f990f934356907f990f9323565c	N400	400	node_monotonic_same_invocation	711954196846	ns	412815d5a6fc	native_action	8	started
c5-timing-event-v1	C5	native	measured	dynamic-html-derived-v1	136	1	cd507f990f934356907f990f9323565c	NW400	410	node_monotonic_same_invocation	711954213066	ns	412815d5a6fc	native_action	8	started
c5-timing-event-v1	C5	native	measured	dynamic-html-derived-v1	136	1	cd507f990f934356907f990f9323565c	NW410	420	node_monotonic_same_invocation	711969640017	ns	412815d5a6fc	native_action	8	completed
c5-timing-event-v1	C5	native	measured	dynamic-html-derived-v1	136	1	cd507f990f934356907f990f9323565c	N410	430	node_monotonic_same_invocation	711969655249	ns	412815d5a6fc	native_action	8	completed
c5-timing-event-v1	C5	native	measured	dynamic-html-derived-v1	137	1	c968ead59db84f49a8ead59db8df4952	N400	400	node_monotonic_same_invocation	715035986103	ns	db7517d89754	native_action	8	started
c5-timing-event-v1	C5	native	measured	dynamic-html-derived-v1	137	1	c968ead59db84f49a8ead59db8df4952	NW400	410	node_monotonic_same_invocation	715035991992	ns	db7517d89754	native_action	8	started
c5-timing-event-v1	C5	native	measured	dynamic-html-derived-v1	137	1	c968ead59db84f49a8ead59db8df4952	NW410	420	node_monotonic_same_invocation	715045667874	ns	db7517d89754	native_action	8	completed
c5-timing-event-v1	C5	native	measured	dynamic-html-derived-v1	137	1	c968ead59db84f49a8ead59db8df4952	N410	430	node_monotonic_same_invocation	715045674534	ns	db7517d89754	native_action	8	completed
c5-timing-event-v1	C5	native	measured	dynamic-html-derived-v1	138	1	d16265a3483841c1a265a34838b1c1a8	N400	400	node_monotonic_same_invocation	715088576938	ns	db7517d89754	native_action	8	started
c5-timing-event-v1	C5	native	measured	dynamic-html-derived-v1	138	1	d16265a3483841c1a265a34838b1c1a8	NW400	410	node_monotonic_same_invocation	715088584116	ns	db7517d89754	native_action	8	started
c5-timing-event-v1	C5	native	measured	dynamic-html-derived-v1	138	1	d16265a3483841c1a265a34838b1c1a8	NW410	420	node_monotonic_same_invocation	715098032089	ns	db7517d89754	native_action	8	completed
c5-timing-event-v1	C5	native	measured	dynamic-html-derived-v1	138	1	d16265a3483841c1a265a34838b1c1a8	N410	430	node_monotonic_same_invocation	715098038853	ns	db7517d89754	native_action	8	completed
c5-timing-event-v1	C5	native	measured	dynamic-html-derived-v1	139	1	cb3a58aac2f541f8ba58aac2f501f82b	N400	400	node_monotonic_same_invocation	715136263424	ns	db7517d89754	native_action	8	started
c5-timing-event-v1	C5	native	measured	dynamic-html-derived-v1	139	1	cb3a58aac2f541f8ba58aac2f501f82b	NW400	410	node_monotonic_same_invocation	715136269427	ns	db7517d89754	native_action	8	started
c5-timing-event-v1	C5	native	measured	dynamic-html-derived-v1	139	1	cb3a58aac2f541f8ba58aac2f501f82b	NW410	420	node_monotonic_same_invocation	715147542285	ns	db7517d89754	native_action	8	completed
c5-timing-event-v1	C5	native	measured	dynamic-html-derived-v1	139	1	cb3a58aac2f541f8ba58aac2f501f82b	N410	430	node_monotonic_same_invocation	715147549890	ns	db7517d89754	native_action	8	completed
c5-timing-event-v1	C5	native	measured	dynamic-html-derived-v1	140	1	8a48c4f6e049450088c4f6e049450066	N400	400	node_monotonic_same_invocation	715190038275	ns	db7517d89754	native_action	8	started
c5-timing-event-v1	C5	native	measured	dynamic-html-derived-v1	140	1	8a48c4f6e049450088c4f6e049450066	NW400	410	node_monotonic_same_invocation	715190043909	ns	db7517d89754	native_action	8	started
c5-timing-event-v1	C5	native	measured	dynamic-html-derived-v1	140	1	8a48c4f6e049450088c4f6e049450066	NW410	420	node_monotonic_same_invocation	715199331026	ns	db7517d89754	native_action	8	completed
c5-timing-event-v1	C5	native	measured	dynamic-html-derived-v1	140	1	8a48c4f6e049450088c4f6e049450066	N410	430	node_monotonic_same_invocation	715199338177	ns	db7517d89754	native_action	8	completed
c5-timing-event-v1	C5	native	measured	dynamic-html-derived-v1	141	1	b25b2ab55be542a49b2ab55be572a41a	N400	400	node_monotonic_same_invocation	715223905505	ns	db7517d89754	native_action	8	started
c5-timing-event-v1	C5	native	measured	dynamic-html-derived-v1	141	1	b25b2ab55be542a49b2ab55be572a41a	NW400	410	node_monotonic_same_invocation	715223911914	ns	db7517d89754	native_action	8	started
c5-timing-event-v1	C5	native	measured	dynamic-html-derived-v1	141	1	b25b2ab55be542a49b2ab55be572a41a	NW410	420	node_monotonic_same_invocation	715233254771	ns	db7517d89754	native_action	8	completed
c5-timing-event-v1	C5	native	measured	dynamic-html-derived-v1	141	1	b25b2ab55be542a49b2ab55be572a41a	N410	430	node_monotonic_same_invocation	715233261706	ns	db7517d89754	native_action	8	completed
c5-timing-event-v1	C5	native	measured	dynamic-html-derived-v1	142	1	746fa76793074644afa767930766442d	N400	400	node_monotonic_same_invocation	715265301318	ns	db7517d89754	native_action	8	started
c5-timing-event-v1	C5	native	measured	dynamic-html-derived-v1	142	1	746fa76793074644afa767930766442d	NW400	410	node_monotonic_same_invocation	715265307246	ns	db7517d89754	native_action	8	started
c5-timing-event-v1	C5	native	measured	dynamic-html-derived-v1	142	1	746fa76793074644afa767930766442d	NW410	420	node_monotonic_same_invocation	715274715302	ns	db7517d89754	native_action	8	completed
c5-timing-event-v1	C5	native	measured	dynamic-html-derived-v1	142	1	746fa76793074644afa767930766442d	N410	430	node_monotonic_same_invocation	715274722031	ns	db7517d89754	native_action	8	completed
c5-timing-event-v1	C5	native	measured	dynamic-html-derived-v1	143	1	50f0d03590df4978b0d03590dfd97830	N400	400	node_monotonic_same_invocation	715317582662	ns	db7517d89754	native_action	8	started
c5-timing-event-v1	C5	native	measured	dynamic-html-derived-v1	143	1	50f0d03590df4978b0d03590dfd97830	NW400	410	node_monotonic_same_invocation	715317588704	ns	db7517d89754	native_action	8	started
c5-timing-event-v1	C5	native	measured	dynamic-html-derived-v1	143	1	50f0d03590df4978b0d03590dfd97830	NW410	420	node_monotonic_same_invocation	715329529162	ns	db7517d89754	native_action	8	completed
c5-timing-event-v1	C5	native	measured	dynamic-html-derived-v1	143	1	50f0d03590df4978b0d03590dfd97830	N410	430	node_monotonic_same_invocation	715329537587	ns	db7517d89754	native_action	8	completed
c5-timing-event-v1	C5	native	measured	dynamic-html-derived-v1	144	1	e27f836b8d254af8bf836b8d255af8da	N400	400	node_monotonic_same_invocation	715370355361	ns	db7517d89754	native_action	8	started
c5-timing-event-v1	C5	native	measured	dynamic-html-derived-v1	144	1	e27f836b8d254af8bf836b8d255af8da	NW400	410	node_monotonic_same_invocation	715370361494	ns	db7517d89754	native_action	8	started
c5-timing-event-v1	C5	native	measured	dynamic-html-derived-v1	144	1	e27f836b8d254af8bf836b8d255af8da	NW410	420	node_monotonic_same_invocation	715379808977	ns	db7517d89754	native_action	8	completed
c5-timing-event-v1	C5	native	measured	dynamic-html-derived-v1	144	1	e27f836b8d254af8bf836b8d255af8da	N410	430	node_monotonic_same_invocation	715379815393	ns	db7517d89754	native_action	8	completed
c5-timing-event-v1	C5	native	measured	dynamic-html-derived-v1	145	1	402b8fad2dd94932ab8fad2dd9d93255	N400	400	node_monotonic_same_invocation	712334956340	ns	412815d5a6fc	native_action	8	started
c5-timing-event-v1	C5	native	measured	dynamic-html-derived-v1	145	1	402b8fad2dd94932ab8fad2dd9d93255	NW400	410	node_monotonic_same_invocation	712334968155	ns	412815d5a6fc	native_action	8	started
c5-timing-event-v1	C5	native	measured	dynamic-html-derived-v1	145	1	402b8fad2dd94932ab8fad2dd9d93255	NW410	420	node_monotonic_same_invocation	712344660877	ns	412815d5a6fc	native_action	8	completed
c5-timing-event-v1	C5	native	measured	dynamic-html-derived-v1	145	1	402b8fad2dd94932ab8fad2dd9d93255	N410	430	node_monotonic_same_invocation	712344673162	ns	412815d5a6fc	native_action	8	completed
c5-timing-event-v1	C5	native	measured	dynamic-html-derived-v1	146	1	832ef0657b6d43edaef0657b6de3edd4	N400	400	node_monotonic_same_invocation	715414181736	ns	db7517d89754	native_action	8	started
c5-timing-event-v1	C5	native	measured	dynamic-html-derived-v1	146	1	832ef0657b6d43edaef0657b6de3edd4	NW400	410	node_monotonic_same_invocation	715414189105	ns	db7517d89754	native_action	8	started
c5-timing-event-v1	C5	native	measured	dynamic-html-derived-v1	146	1	832ef0657b6d43edaef0657b6de3edd4	NW410	420	node_monotonic_same_invocation	715431117214	ns	db7517d89754	native_action	8	completed
c5-timing-event-v1	C5	native	measured	dynamic-html-derived-v1	146	1	832ef0657b6d43edaef0657b6de3edd4	N410	430	node_monotonic_same_invocation	715431125524	ns	db7517d89754	native_action	8	completed
c5-timing-event-v1	C5	native	measured	dynamic-html-derived-v1	147	1	37f4d84e70224138b4d84e70227138c6	N400	400	node_monotonic_same_invocation	715484411744	ns	db7517d89754	native_action	8	started
c5-timing-event-v1	C5	native	measured	dynamic-html-derived-v1	147	1	37f4d84e70224138b4d84e70227138c6	NW400	410	node_monotonic_same_invocation	715484419527	ns	db7517d89754	native_action	8	started
c5-timing-event-v1	C5	native	measured	dynamic-html-derived-v1	147	1	37f4d84e70224138b4d84e70227138c6	NW410	420	node_monotonic_same_invocation	715502162979	ns	db7517d89754	native_action	8	completed
c5-timing-event-v1	C5	native	measured	dynamic-html-derived-v1	147	1	37f4d84e70224138b4d84e70227138c6	N410	430	node_monotonic_same_invocation	715502171034	ns	db7517d89754	native_action	8	completed
c5-timing-event-v1	C5	native	measured	dynamic-html-derived-v1	148	1	817db01659cf4ad0bdb01659cfdad0d7	N400	400	node_monotonic_same_invocation	712488661703	ns	412815d5a6fc	native_action	8	started
c5-timing-event-v1	C5	native	measured	dynamic-html-derived-v1	148	1	817db01659cf4ad0bdb01659cfdad0d7	NW400	410	node_monotonic_same_invocation	712488674984	ns	412815d5a6fc	native_action	8	started
c5-timing-event-v1	C5	native	measured	dynamic-html-derived-v1	148	1	817db01659cf4ad0bdb01659cfdad0d7	NW410	420	node_monotonic_same_invocation	712505538924	ns	412815d5a6fc	native_action	8	completed
c5-timing-event-v1	C5	native	measured	dynamic-html-derived-v1	148	1	817db01659cf4ad0bdb01659cfdad0d7	N410	430	node_monotonic_same_invocation	712505554936	ns	412815d5a6fc	native_action	8	completed
c5-timing-event-v1	C5	native	measured	dynamic-html-derived-v1	149	1	a5e1d20f55994c72a1d20f55999c72ce	N400	400	node_monotonic_same_invocation	712452188037	ns	412815d5a6fc	native_action	8	started
c5-timing-event-v1	C5	native	measured	dynamic-html-derived-v1	149	1	a5e1d20f55994c72a1d20f55999c72ce	NW400	410	node_monotonic_same_invocation	712452200281	ns	412815d5a6fc	native_action	8	started
c5-timing-event-v1	C5	native	measured	dynamic-html-derived-v1	149	1	a5e1d20f55994c72a1d20f55999c72ce	NW410	420	node_monotonic_same_invocation	712461860662	ns	412815d5a6fc	native_action	8	completed
c5-timing-event-v1	C5	native	measured	dynamic-html-derived-v1	149	1	a5e1d20f55994c72a1d20f55999c72ce	N410	430	node_monotonic_same_invocation	712461873307	ns	412815d5a6fc	native_action	8	completed
c5-timing-event-v1	C5	native	measured	dynamic-html-derived-v1	150	1	28d69d8374fd4d72969d8374fd6d7247	N400	400	node_monotonic_same_invocation	712574771572	ns	412815d5a6fc	native_action	8	started
c5-timing-event-v1	C5	native	measured	dynamic-html-derived-v1	150	1	28d69d8374fd4d72969d8374fd6d7247	NW400	410	node_monotonic_same_invocation	712574789065	ns	412815d5a6fc	native_action	8	started
c5-timing-event-v1	C5	native	measured	dynamic-html-derived-v1	150	1	28d69d8374fd4d72969d8374fd6d7247	NW410	420	node_monotonic_same_invocation	712584483070	ns	412815d5a6fc	native_action	8	completed
c5-timing-event-v1	C5	native	measured	dynamic-html-derived-v1	150	1	28d69d8374fd4d72969d8374fd6d7247	N410	430	node_monotonic_same_invocation	712584494126	ns	412815d5a6fc	native_action	8	completed
c5-timing-event-v1	C5	native	measured	dynamic-html-derived-v1	151	1	07462867b6234e2b862867b6236e2bc2	N400	400	node_monotonic_same_invocation	715620742197	ns	db7517d89754	native_action	8	started
c5-timing-event-v1	C5	native	measured	dynamic-html-derived-v1	151	1	07462867b6234e2b862867b6236e2bc2	NW400	410	node_monotonic_same_invocation	715620748492	ns	db7517d89754	native_action	8	started
c5-timing-event-v1	C5	native	measured	dynamic-html-derived-v1	151	1	07462867b6234e2b862867b6236e2bc2	NW410	420	node_monotonic_same_invocation	715630141642	ns	db7517d89754	native_action	8	completed
c5-timing-event-v1	C5	native	measured	dynamic-html-derived-v1	151	1	07462867b6234e2b862867b6236e2bc2	N410	430	node_monotonic_same_invocation	715630155853	ns	db7517d89754	native_action	8	completed
c5-timing-event-v1	C5	native	measured	dynamic-html-derived-v1	152	1	254b03a754384c888b03a75438ac8810	N400	400	node_monotonic_same_invocation	712600590301	ns	412815d5a6fc	native_action	8	started
c5-timing-event-v1	C5	native	measured	dynamic-html-derived-v1	152	1	254b03a754384c888b03a75438ac8810	NW400	410	node_monotonic_same_invocation	712600599571	ns	412815d5a6fc	native_action	8	started
c5-timing-event-v1	C5	native	measured	dynamic-html-derived-v1	152	1	254b03a754384c888b03a75438ac8810	NW410	420	node_monotonic_same_invocation	712610136372	ns	412815d5a6fc	native_action	8	completed
c5-timing-event-v1	C5	native	measured	dynamic-html-derived-v1	152	1	254b03a754384c888b03a75438ac8810	N410	430	node_monotonic_same_invocation	712610147811	ns	412815d5a6fc	native_action	8	completed
c5-timing-event-v1	C5	native	measured	dynamic-html-derived-v1	153	1	a90187bc91b8410a8187bc91b8610ac2	N400	400	node_monotonic_same_invocation	715729890613	ns	db7517d89754	native_action	8	started
c5-timing-event-v1	C5	native	measured	dynamic-html-derived-v1	153	1	a90187bc91b8410a8187bc91b8610ac2	NW400	410	node_monotonic_same_invocation	715729896708	ns	db7517d89754	native_action	8	started
c5-timing-event-v1	C5	native	measured	dynamic-html-derived-v1	153	1	a90187bc91b8410a8187bc91b8610ac2	NW410	420	node_monotonic_same_invocation	715739415159	ns	db7517d89754	native_action	8	completed
c5-timing-event-v1	C5	native	measured	dynamic-html-derived-v1	153	1	a90187bc91b8410a8187bc91b8610ac2	N410	430	node_monotonic_same_invocation	715739422034	ns	db7517d89754	native_action	8	completed
c5-timing-event-v1	C5	native	measured	dynamic-html-derived-v1	154	1	d49f84f793c146b59f84f793c156b566	N400	400	node_monotonic_same_invocation	712695910917	ns	412815d5a6fc	native_action	8	started
c5-timing-event-v1	C5	native	measured	dynamic-html-derived-v1	154	1	d49f84f793c146b59f84f793c156b566	NW400	410	node_monotonic_same_invocation	712695926849	ns	412815d5a6fc	native_action	8	started
c5-timing-event-v1	C5	native	measured	dynamic-html-derived-v1	154	1	d49f84f793c146b59f84f793c156b566	NW410	420	node_monotonic_same_invocation	712705699840	ns	412815d5a6fc	native_action	8	completed
c5-timing-event-v1	C5	native	measured	dynamic-html-derived-v1	154	1	d49f84f793c146b59f84f793c156b566	N410	430	node_monotonic_same_invocation	712705711267	ns	412815d5a6fc	native_action	8	completed
c5-timing-event-v1	C5	native	measured	dynamic-html-derived-v1	155	1	f9d2d06e0423423d92d06e0423223d30	N400	400	node_monotonic_same_invocation	715775736421	ns	db7517d89754	native_action	8	started
c5-timing-event-v1	C5	native	measured	dynamic-html-derived-v1	155	1	f9d2d06e0423423d92d06e0423223d30	NW400	410	node_monotonic_same_invocation	715775742370	ns	db7517d89754	native_action	8	started
c5-timing-event-v1	C5	native	measured	dynamic-html-derived-v1	155	1	f9d2d06e0423423d92d06e0423223d30	NW410	420	node_monotonic_same_invocation	715786040671	ns	db7517d89754	native_action	8	completed
c5-timing-event-v1	C5	native	measured	dynamic-html-derived-v1	155	1	f9d2d06e0423423d92d06e0423223d30	N410	430	node_monotonic_same_invocation	715786047839	ns	db7517d89754	native_action	8	completed
c5-timing-event-v1	C5	native	measured	dynamic-html-derived-v1	156	1	d9516fd107524c0b916fd107523c0b32	N400	400	node_monotonic_same_invocation	715861048901	ns	db7517d89754	native_action	8	started
c5-timing-event-v1	C5	native	measured	dynamic-html-derived-v1	156	1	d9516fd107524c0b916fd107523c0b32	NW400	410	node_monotonic_same_invocation	715861056184	ns	db7517d89754	native_action	8	started
c5-timing-event-v1	C5	native	measured	dynamic-html-derived-v1	156	1	d9516fd107524c0b916fd107523c0b32	NW410	420	node_monotonic_same_invocation	715870577913	ns	db7517d89754	native_action	8	completed
c5-timing-event-v1	C5	native	measured	dynamic-html-derived-v1	156	1	d9516fd107524c0b916fd107523c0b32	N410	430	node_monotonic_same_invocation	715870584720	ns	db7517d89754	native_action	8	completed
c5-timing-event-v1	C5	native	measured	dynamic-html-derived-v1	157	1	28c00e16e1f64858800e16e1f6485879	N400	400	node_monotonic_same_invocation	712858796110	ns	412815d5a6fc	native_action	8	started
c5-timing-event-v1	C5	native	measured	dynamic-html-derived-v1	157	1	28c00e16e1f64858800e16e1f6485879	NW400	410	node_monotonic_same_invocation	712858811783	ns	412815d5a6fc	native_action	8	started
c5-timing-event-v1	C5	native	measured	dynamic-html-derived-v1	157	1	28c00e16e1f64858800e16e1f6485879	NW410	420	node_monotonic_same_invocation	712875967662	ns	412815d5a6fc	native_action	8	completed
c5-timing-event-v1	C5	native	measured	dynamic-html-derived-v1	157	1	28c00e16e1f64858800e16e1f6485879	N410	430	node_monotonic_same_invocation	712875983412	ns	412815d5a6fc	native_action	8	completed
c5-timing-event-v1	C5	native	measured	dynamic-html-derived-v1	158	1	bccb9c29934b48678b9c29934bc86785	N400	400	node_monotonic_same_invocation	715904655150	ns	db7517d89754	native_action	8	started
c5-timing-event-v1	C5	native	measured	dynamic-html-derived-v1	158	1	bccb9c29934b48678b9c29934bc86785	NW400	410	node_monotonic_same_invocation	715904661034	ns	db7517d89754	native_action	8	started
c5-timing-event-v1	C5	native	measured	dynamic-html-derived-v1	158	1	bccb9c29934b48678b9c29934bc86785	NW410	420	node_monotonic_same_invocation	715913996899	ns	db7517d89754	native_action	8	completed
c5-timing-event-v1	C5	native	measured	dynamic-html-derived-v1	158	1	bccb9c29934b48678b9c29934bc86785	N410	430	node_monotonic_same_invocation	715914004124	ns	db7517d89754	native_action	8	completed
c5-timing-event-v1	C5	native	measured	dynamic-html-derived-v1	159	1	075001af437749fe9001af4377b9fe21	N400	400	node_monotonic_same_invocation	716036306757	ns	db7517d89754	native_action	8	started
c5-timing-event-v1	C5	native	measured	dynamic-html-derived-v1	159	1	075001af437749fe9001af4377b9fe21	NW400	410	node_monotonic_same_invocation	716036314017	ns	db7517d89754	native_action	8	started
c5-timing-event-v1	C5	native	measured	dynamic-html-derived-v1	159	1	075001af437749fe9001af4377b9fe21	NW410	420	node_monotonic_same_invocation	716045696328	ns	db7517d89754	native_action	8	completed
c5-timing-event-v1	C5	native	measured	dynamic-html-derived-v1	159	1	075001af437749fe9001af4377b9fe21	N410	430	node_monotonic_same_invocation	716045703549	ns	db7517d89754	native_action	8	completed
c5-timing-event-v1	C5	native	measured	dynamic-html-derived-v1	160	1	46083ef0f93e4982883ef0f93ed98284	N400	400	node_monotonic_same_invocation	716058933686	ns	db7517d89754	native_action	8	started
c5-timing-event-v1	C5	native	measured	dynamic-html-derived-v1	160	1	46083ef0f93e4982883ef0f93ed98284	NW400	410	node_monotonic_same_invocation	716058939248	ns	db7517d89754	native_action	8	started
c5-timing-event-v1	C5	native	measured	dynamic-html-derived-v1	160	1	46083ef0f93e4982883ef0f93ed98284	NW410	420	node_monotonic_same_invocation	716068229498	ns	db7517d89754	native_action	8	completed
c5-timing-event-v1	C5	native	measured	dynamic-html-derived-v1	160	1	46083ef0f93e4982883ef0f93ed98284	N410	430	node_monotonic_same_invocation	716068236437	ns	db7517d89754	native_action	8	completed
c5-timing-event-v1	C5	native	measured	dynamic-html-derived-v1	161	1	dea555e8e6464efba555e8e646fefbbf	N400	400	node_monotonic_same_invocation	712997661056	ns	412815d5a6fc	native_action	8	started
c5-timing-event-v1	C5	native	measured	dynamic-html-derived-v1	161	1	dea555e8e6464efba555e8e646fefbbf	NW400	410	node_monotonic_same_invocation	712997675959	ns	412815d5a6fc	native_action	8	started
c5-timing-event-v1	C5	native	measured	dynamic-html-derived-v1	161	1	dea555e8e6464efba555e8e646fefbbf	NW410	420	node_monotonic_same_invocation	713008439977	ns	412815d5a6fc	native_action	8	completed
c5-timing-event-v1	C5	native	measured	dynamic-html-derived-v1	161	1	dea555e8e6464efba555e8e646fefbbf	N410	430	node_monotonic_same_invocation	713008452193	ns	412815d5a6fc	native_action	8	completed
c5-timing-event-v1	C5	native	measured	dynamic-html-derived-v1	162	1	c154ca0360364b8794ca0360364b8760	N400	400	node_monotonic_same_invocation	716158595503	ns	db7517d89754	native_action	8	started
c5-timing-event-v1	C5	native	measured	dynamic-html-derived-v1	162	1	c154ca0360364b8794ca0360364b8760	NW400	410	node_monotonic_same_invocation	716158601529	ns	db7517d89754	native_action	8	started
c5-timing-event-v1	C5	native	measured	dynamic-html-derived-v1	162	1	c154ca0360364b8794ca0360364b8760	NW410	420	node_monotonic_same_invocation	716167845763	ns	db7517d89754	native_action	8	completed
c5-timing-event-v1	C5	native	measured	dynamic-html-derived-v1	162	1	c154ca0360364b8794ca0360364b8760	N410	430	node_monotonic_same_invocation	716167852616	ns	db7517d89754	native_action	8	completed
c5-timing-event-v1	C5	native	measured	dynamic-html-derived-v1	163	1	97d5ac4bc8b5485a95ac4bc8b5e85a82	N400	400	node_monotonic_same_invocation	716185180937	ns	db7517d89754	native_action	8	started
c5-timing-event-v1	C5	native	measured	dynamic-html-derived-v1	163	1	97d5ac4bc8b5485a95ac4bc8b5e85a82	NW400	410	node_monotonic_same_invocation	716185186794	ns	db7517d89754	native_action	8	started
c5-timing-event-v1	C5	native	measured	dynamic-html-derived-v1	163	1	97d5ac4bc8b5485a95ac4bc8b5e85a82	NW410	420	node_monotonic_same_invocation	716194448809	ns	db7517d89754	native_action	8	completed
c5-timing-event-v1	C5	native	measured	dynamic-html-derived-v1	163	1	97d5ac4bc8b5485a95ac4bc8b5e85a82	N410	430	node_monotonic_same_invocation	716194455617	ns	db7517d89754	native_action	8	completed
c5-timing-event-v1	C5	native	measured	dynamic-html-derived-v1	164	1	4af08f62e27040b5b08f62e270d0b55a	N400	400	node_monotonic_same_invocation	716287447110	ns	db7517d89754	native_action	8	started
c5-timing-event-v1	C5	native	measured	dynamic-html-derived-v1	164	1	4af08f62e27040b5b08f62e270d0b55a	NW400	410	node_monotonic_same_invocation	716287454386	ns	db7517d89754	native_action	8	started
c5-timing-event-v1	C5	native	measured	dynamic-html-derived-v1	164	1	4af08f62e27040b5b08f62e270d0b55a	NW410	420	node_monotonic_same_invocation	716297111429	ns	db7517d89754	native_action	8	completed
c5-timing-event-v1	C5	native	measured	dynamic-html-derived-v1	164	1	4af08f62e27040b5b08f62e270d0b55a	N410	430	node_monotonic_same_invocation	716297118410	ns	db7517d89754	native_action	8	completed
c5-timing-event-v1	C5	native	measured	dynamic-html-derived-v1	165	1	ebc8ded8ef1e4f1588ded8ef1e3f158b	N400	400	node_monotonic_same_invocation	716315299828	ns	db7517d89754	native_action	8	started
c5-timing-event-v1	C5	native	measured	dynamic-html-derived-v1	165	1	ebc8ded8ef1e4f1588ded8ef1e3f158b	NW400	410	node_monotonic_same_invocation	716315305802	ns	db7517d89754	native_action	8	started
c5-timing-event-v1	C5	native	measured	dynamic-html-derived-v1	165	1	ebc8ded8ef1e4f1588ded8ef1e3f158b	NW410	420	node_monotonic_same_invocation	716327130948	ns	db7517d89754	native_action	8	completed
c5-timing-event-v1	C5	native	measured	dynamic-html-derived-v1	165	1	ebc8ded8ef1e4f1588ded8ef1e3f158b	N410	430	node_monotonic_same_invocation	716327138416	ns	db7517d89754	native_action	8	completed
c5-timing-event-v1	C5	native	measured	dynamic-html-derived-v1	166	1	0885d744af8d494b85d744af8d394b8a	N400	400	node_monotonic_same_invocation	716398736798	ns	db7517d89754	native_action	8	started
c5-timing-event-v1	C5	native	measured	dynamic-html-derived-v1	166	1	0885d744af8d494b85d744af8d394b8a	NW400	410	node_monotonic_same_invocation	716398742513	ns	db7517d89754	native_action	8	started
c5-timing-event-v1	C5	native	measured	dynamic-html-derived-v1	166	1	0885d744af8d494b85d744af8d394b8a	NW410	420	node_monotonic_same_invocation	716408087653	ns	db7517d89754	native_action	8	completed
c5-timing-event-v1	C5	native	measured	dynamic-html-derived-v1	166	1	0885d744af8d494b85d744af8d394b8a	N410	430	node_monotonic_same_invocation	716408094458	ns	db7517d89754	native_action	8	completed
c5-timing-event-v1	C5	native	measured	dynamic-html-derived-v1	167	1	c61b054d4951492a9b054d4951992a1a	N400	400	node_monotonic_same_invocation	713367564139	ns	412815d5a6fc	native_action	8	started
c5-timing-event-v1	C5	native	measured	dynamic-html-derived-v1	167	1	c61b054d4951492a9b054d4951992a1a	NW400	410	node_monotonic_same_invocation	713367575952	ns	412815d5a6fc	native_action	8	started
c5-timing-event-v1	C5	native	measured	dynamic-html-derived-v1	167	1	c61b054d4951492a9b054d4951992a1a	NW410	420	node_monotonic_same_invocation	713377235984	ns	412815d5a6fc	native_action	8	completed
c5-timing-event-v1	C5	native	measured	dynamic-html-derived-v1	167	1	c61b054d4951492a9b054d4951992a1a	N410	430	node_monotonic_same_invocation	713377246333	ns	412815d5a6fc	native_action	8	completed
c5-timing-event-v1	C5	native	measured	dynamic-html-derived-v1	168	1	f67ceaff29ba4387bceaff29ba5387ee	N400	400	node_monotonic_same_invocation	716468433074	ns	db7517d89754	native_action	8	started
c5-timing-event-v1	C5	native	measured	dynamic-html-derived-v1	168	1	f67ceaff29ba4387bceaff29ba5387ee	NW400	410	node_monotonic_same_invocation	716468440382	ns	db7517d89754	native_action	8	started
c5-timing-event-v1	C5	native	measured	dynamic-html-derived-v1	168	1	f67ceaff29ba4387bceaff29ba5387ee	NW410	420	node_monotonic_same_invocation	716478091732	ns	db7517d89754	native_action	8	completed
c5-timing-event-v1	C5	native	measured	dynamic-html-derived-v1	168	1	f67ceaff29ba4387bceaff29ba5387ee	N410	430	node_monotonic_same_invocation	716478098509	ns	db7517d89754	native_action	8	completed
c5-timing-event-v1	C5	native	measured	dynamic-html-derived-v1	169	1	38c35312e15b40b9835312e15bf0b909	N400	400	node_monotonic_same_invocation	716548069622	ns	db7517d89754	native_action	8	started
c5-timing-event-v1	C5	native	measured	dynamic-html-derived-v1	169	1	38c35312e15b40b9835312e15bf0b909	NW400	410	node_monotonic_same_invocation	716548075306	ns	db7517d89754	native_action	8	started
c5-timing-event-v1	C5	native	measured	dynamic-html-derived-v1	169	1	38c35312e15b40b9835312e15bf0b909	NW410	420	node_monotonic_same_invocation	716557493900	ns	db7517d89754	native_action	8	completed
c5-timing-event-v1	C5	native	measured	dynamic-html-derived-v1	169	1	38c35312e15b40b9835312e15bf0b909	N410	430	node_monotonic_same_invocation	716557500646	ns	db7517d89754	native_action	8	completed
c5-timing-event-v1	C5	native	measured	dynamic-html-derived-v1	170	1	705d9014150348119d90141503a811d8	N400	400	node_monotonic_same_invocation	713515863461	ns	412815d5a6fc	native_action	8	started
c5-timing-event-v1	C5	native	measured	dynamic-html-derived-v1	170	1	705d9014150348119d90141503a811d8	NW400	410	node_monotonic_same_invocation	713515875631	ns	412815d5a6fc	native_action	8	started
c5-timing-event-v1	C5	native	measured	dynamic-html-derived-v1	170	1	705d9014150348119d90141503a811d8	NW410	420	node_monotonic_same_invocation	713525527800	ns	412815d5a6fc	native_action	8	completed
c5-timing-event-v1	C5	native	measured	dynamic-html-derived-v1	170	1	705d9014150348119d90141503a811d8	N410	430	node_monotonic_same_invocation	713525541674	ns	412815d5a6fc	native_action	8	completed
c5-timing-event-v1	C5	native	measured	dynamic-html-derived-v1	171	1	60f78029491e4050b78029491eb05027	N400	400	node_monotonic_same_invocation	716595071066	ns	db7517d89754	native_action	8	started
c5-timing-event-v1	C5	native	measured	dynamic-html-derived-v1	171	1	60f78029491e4050b78029491eb05027	NW400	410	node_monotonic_same_invocation	716595078218	ns	db7517d89754	native_action	8	started
c5-timing-event-v1	C5	native	measured	dynamic-html-derived-v1	171	1	60f78029491e4050b78029491eb05027	NW410	420	node_monotonic_same_invocation	716604606157	ns	db7517d89754	native_action	8	completed
c5-timing-event-v1	C5	native	measured	dynamic-html-derived-v1	171	1	60f78029491e4050b78029491eb05027	N410	430	node_monotonic_same_invocation	716604612898	ns	db7517d89754	native_action	8	completed
c5-timing-event-v1	C5	native	measured	dynamic-html-derived-v1	172	1	adcd3ea6d49741638d3ea6d49721635b	N400	400	node_monotonic_same_invocation	716634287119	ns	db7517d89754	native_action	8	started
c5-timing-event-v1	C5	native	measured	dynamic-html-derived-v1	172	1	adcd3ea6d49741638d3ea6d49721635b	NW400	410	node_monotonic_same_invocation	716634294420	ns	db7517d89754	native_action	8	started
c5-timing-event-v1	C5	native	measured	dynamic-html-derived-v1	172	1	adcd3ea6d49741638d3ea6d49721635b	NW410	420	node_monotonic_same_invocation	716644048397	ns	db7517d89754	native_action	8	completed
c5-timing-event-v1	C5	native	measured	dynamic-html-derived-v1	172	1	adcd3ea6d49741638d3ea6d49721635b	N410	430	node_monotonic_same_invocation	716644056957	ns	db7517d89754	native_action	8	completed
c5-timing-event-v1	C5	native	measured	dynamic-html-derived-v1	173	1	afc43203f9984fcf843203f9988fcf57	N400	400	node_monotonic_same_invocation	716668404436	ns	db7517d89754	native_action	8	started
c5-timing-event-v1	C5	native	measured	dynamic-html-derived-v1	173	1	afc43203f9984fcf843203f9988fcf57	NW400	410	node_monotonic_same_invocation	716668413123	ns	db7517d89754	native_action	8	started
c5-timing-event-v1	C5	native	measured	dynamic-html-derived-v1	173	1	afc43203f9984fcf843203f9988fcf57	NW410	420	node_monotonic_same_invocation	716682799337	ns	db7517d89754	native_action	8	completed
c5-timing-event-v1	C5	native	measured	dynamic-html-derived-v1	173	1	afc43203f9984fcf843203f9988fcf57	N410	430	node_monotonic_same_invocation	716682807043	ns	db7517d89754	native_action	8	completed
c5-timing-event-v1	C5	native	measured	dynamic-html-derived-v1	174	1	c178fc706986455db8fc706986955db4	N400	400	node_monotonic_same_invocation	713688786999	ns	412815d5a6fc	native_action	8	started
c5-timing-event-v1	C5	native	measured	dynamic-html-derived-v1	174	1	c178fc706986455db8fc706986955db4	NW400	410	node_monotonic_same_invocation	713688803138	ns	412815d5a6fc	native_action	8	started
c5-timing-event-v1	C5	native	measured	dynamic-html-derived-v1	174	1	c178fc706986455db8fc706986955db4	NW410	420	node_monotonic_same_invocation	713698584856	ns	412815d5a6fc	native_action	8	completed
c5-timing-event-v1	C5	native	measured	dynamic-html-derived-v1	174	1	c178fc706986455db8fc706986955db4	N410	430	node_monotonic_same_invocation	713698595791	ns	412815d5a6fc	native_action	8	completed
c5-timing-event-v1	C5	native	measured	dynamic-html-derived-v1	175	1	572321a71364425ba321a71364a25b3c	N400	400	node_monotonic_same_invocation	716730459227	ns	db7517d89754	native_action	8	started
c5-timing-event-v1	C5	native	measured	dynamic-html-derived-v1	175	1	572321a71364425ba321a71364a25b3c	NW400	410	node_monotonic_same_invocation	716730465136	ns	db7517d89754	native_action	8	started
c5-timing-event-v1	C5	native	measured	dynamic-html-derived-v1	175	1	572321a71364425ba321a71364a25b3c	NW410	420	node_monotonic_same_invocation	716739853244	ns	db7517d89754	native_action	8	completed
c5-timing-event-v1	C5	native	measured	dynamic-html-derived-v1	175	1	572321a71364425ba321a71364a25b3c	N410	430	node_monotonic_same_invocation	716739860577	ns	db7517d89754	native_action	8	completed
c5-timing-event-v1	C5	native	measured	dynamic-html-derived-v1	176	1	2f698f3da0ca4343a98f3da0cad343a5	N400	400	node_monotonic_same_invocation	716785198323	ns	db7517d89754	native_action	8	started
c5-timing-event-v1	C5	native	measured	dynamic-html-derived-v1	176	1	2f698f3da0ca4343a98f3da0cad343a5	NW400	410	node_monotonic_same_invocation	716785205409	ns	db7517d89754	native_action	8	started
c5-timing-event-v1	C5	native	measured	dynamic-html-derived-v1	176	1	2f698f3da0ca4343a98f3da0cad343a5	NW410	420	node_monotonic_same_invocation	716795015800	ns	db7517d89754	native_action	8	completed
c5-timing-event-v1	C5	native	measured	dynamic-html-derived-v1	176	1	2f698f3da0ca4343a98f3da0cad343a5	N410	430	node_monotonic_same_invocation	716795022573	ns	db7517d89754	native_action	8	completed
c5-timing-event-v1	C5	native	measured	dynamic-html-derived-v1	177	1	a183b6b6132a457683b6b6132aa576e6	N400	400	node_monotonic_same_invocation	716836616295	ns	db7517d89754	native_action	8	started
c5-timing-event-v1	C5	native	measured	dynamic-html-derived-v1	177	1	a183b6b6132a457683b6b6132aa576e6	NW400	410	node_monotonic_same_invocation	716836622238	ns	db7517d89754	native_action	8	started
c5-timing-event-v1	C5	native	measured	dynamic-html-derived-v1	177	1	a183b6b6132a457683b6b6132aa576e6	NW410	420	node_monotonic_same_invocation	716845914017	ns	db7517d89754	native_action	8	completed
c5-timing-event-v1	C5	native	measured	dynamic-html-derived-v1	177	1	a183b6b6132a457683b6b6132aa576e6	N410	430	node_monotonic_same_invocation	716845920742	ns	db7517d89754	native_action	8	completed
c5-timing-event-v1	C5	native	measured	dynamic-html-derived-v1	178	1	99bd049b293b4d67bd049b293b4d67fe	N400	400	node_monotonic_same_invocation	716922926559	ns	db7517d89754	native_action	8	started
c5-timing-event-v1	C5	native	measured	dynamic-html-derived-v1	178	1	99bd049b293b4d67bd049b293b4d67fe	NW400	410	node_monotonic_same_invocation	716922933023	ns	db7517d89754	native_action	8	started
c5-timing-event-v1	C5	native	measured	dynamic-html-derived-v1	178	1	99bd049b293b4d67bd049b293b4d67fe	NW410	420	node_monotonic_same_invocation	716932558586	ns	db7517d89754	native_action	8	completed
c5-timing-event-v1	C5	native	measured	dynamic-html-derived-v1	178	1	99bd049b293b4d67bd049b293b4d67fe	N410	430	node_monotonic_same_invocation	716932565329	ns	db7517d89754	native_action	8	completed
c5-timing-event-v1	C5	native	measured	dynamic-html-derived-v1	179	1	0b601797f7e64d77a01797f7e6dd77f6	N400	400	node_monotonic_same_invocation	713902118423	ns	412815d5a6fc	native_action	8	started
c5-timing-event-v1	C5	native	measured	dynamic-html-derived-v1	179	1	0b601797f7e64d77a01797f7e6dd77f6	NW400	410	node_monotonic_same_invocation	713902130893	ns	412815d5a6fc	native_action	8	started
c5-timing-event-v1	C5	native	measured	dynamic-html-derived-v1	179	1	0b601797f7e64d77a01797f7e6dd77f6	NW410	420	node_monotonic_same_invocation	713912710457	ns	412815d5a6fc	native_action	8	completed
c5-timing-event-v1	C5	native	measured	dynamic-html-derived-v1	179	1	0b601797f7e64d77a01797f7e6dd77f6	N410	430	node_monotonic_same_invocation	713912724227	ns	412815d5a6fc	native_action	8	completed
c5-timing-event-v1	C5	native	measured	dynamic-html-derived-v1	180	1	a4f87539557244d9b875395572b4d943	N400	400	node_monotonic_same_invocation	716966061909	ns	db7517d89754	native_action	8	started
c5-timing-event-v1	C5	native	measured	dynamic-html-derived-v1	180	1	a4f87539557244d9b875395572b4d943	NW400	410	node_monotonic_same_invocation	716966068231	ns	db7517d89754	native_action	8	started
c5-timing-event-v1	C5	native	measured	dynamic-html-derived-v1	180	1	a4f87539557244d9b875395572b4d943	NW410	420	node_monotonic_same_invocation	716975343148	ns	db7517d89754	native_action	8	completed
c5-timing-event-v1	C5	native	measured	dynamic-html-derived-v1	180	1	a4f87539557244d9b875395572b4d943	N410	430	node_monotonic_same_invocation	716975350141	ns	db7517d89754	native_action	8	completed
c5-timing-event-v1	C5	native	measured	dynamic-html-derived-v1	181	1	6b2589605177404ca589605177204c60	N400	400	node_monotonic_same_invocation	717062213207	ns	db7517d89754	native_action	8	started
c5-timing-event-v1	C5	native	measured	dynamic-html-derived-v1	181	1	6b2589605177404ca589605177204c60	NW400	410	node_monotonic_same_invocation	717062218987	ns	db7517d89754	native_action	8	started
c5-timing-event-v1	C5	native	measured	dynamic-html-derived-v1	181	1	6b2589605177404ca589605177204c60	NW410	420	node_monotonic_same_invocation	717071465899	ns	db7517d89754	native_action	8	completed
c5-timing-event-v1	C5	native	measured	dynamic-html-derived-v1	181	1	6b2589605177404ca589605177204c60	N410	430	node_monotonic_same_invocation	717071472658	ns	db7517d89754	native_action	8	completed
c5-timing-event-v1	C5	native	measured	dynamic-html-derived-v1	182	1	1b2a0653eb79479aaa0653eb79e79ad1	N400	400	node_monotonic_same_invocation	714039064214	ns	412815d5a6fc	native_action	8	started
c5-timing-event-v1	C5	native	measured	dynamic-html-derived-v1	182	1	1b2a0653eb79479aaa0653eb79e79ad1	NW400	410	node_monotonic_same_invocation	714039078143	ns	412815d5a6fc	native_action	8	started
c5-timing-event-v1	C5	native	measured	dynamic-html-derived-v1	182	1	1b2a0653eb79479aaa0653eb79e79ad1	NW410	420	node_monotonic_same_invocation	714055822085	ns	412815d5a6fc	native_action	8	completed
c5-timing-event-v1	C5	native	measured	dynamic-html-derived-v1	182	1	1b2a0653eb79479aaa0653eb79e79ad1	N410	430	node_monotonic_same_invocation	714055837101	ns	412815d5a6fc	native_action	8	completed
c5-timing-event-v1	C5	native	measured	dynamic-html-derived-v1	183	1	6a2619bd47b54ad3a619bd47b58ad3fa	N400	400	node_monotonic_same_invocation	717122866479	ns	db7517d89754	native_action	8	started
c5-timing-event-v1	C5	native	measured	dynamic-html-derived-v1	183	1	6a2619bd47b54ad3a619bd47b58ad3fa	NW400	410	node_monotonic_same_invocation	717122872275	ns	db7517d89754	native_action	8	started
c5-timing-event-v1	C5	native	measured	dynamic-html-derived-v1	183	1	6a2619bd47b54ad3a619bd47b58ad3fa	NW410	420	node_monotonic_same_invocation	717132158194	ns	db7517d89754	native_action	8	completed
c5-timing-event-v1	C5	native	measured	dynamic-html-derived-v1	183	1	6a2619bd47b54ad3a619bd47b58ad3fa	N410	430	node_monotonic_same_invocation	717132165255	ns	db7517d89754	native_action	8	completed
c5-timing-event-v1	C5	native	measured	dynamic-html-derived-v1	184	1	a3e8eb52b7454f6ca8eb52b7456f6c60	N400	400	node_monotonic_same_invocation	717200323191	ns	db7517d89754	native_action	8	started
c5-timing-event-v1	C5	native	measured	dynamic-html-derived-v1	184	1	a3e8eb52b7454f6ca8eb52b7456f6c60	NW400	410	node_monotonic_same_invocation	717200328991	ns	db7517d89754	native_action	8	started
c5-timing-event-v1	C5	native	measured	dynamic-html-derived-v1	184	1	a3e8eb52b7454f6ca8eb52b7456f6c60	NW410	420	node_monotonic_same_invocation	717209599730	ns	db7517d89754	native_action	8	completed
c5-timing-event-v1	C5	native	measured	dynamic-html-derived-v1	184	1	a3e8eb52b7454f6ca8eb52b7456f6c60	N410	430	node_monotonic_same_invocation	717209606671	ns	db7517d89754	native_action	8	completed
c5-timing-event-v1	C5	native	measured	dynamic-html-derived-v1	185	1	84f90bdee2b5474bb90bdee2b5b74b33	N400	400	node_monotonic_same_invocation	717308044729	ns	db7517d89754	native_action	8	started
c5-timing-event-v1	C5	native	measured	dynamic-html-derived-v1	185	1	84f90bdee2b5474bb90bdee2b5b74b33	NW400	410	node_monotonic_same_invocation	717308050717	ns	db7517d89754	native_action	8	started
c5-timing-event-v1	C5	native	measured	dynamic-html-derived-v1	185	1	84f90bdee2b5474bb90bdee2b5b74b33	NW410	420	node_monotonic_same_invocation	717317286148	ns	db7517d89754	native_action	8	completed
c5-timing-event-v1	C5	native	measured	dynamic-html-derived-v1	185	1	84f90bdee2b5474bb90bdee2b5b74b33	N410	430	node_monotonic_same_invocation	717317292966	ns	db7517d89754	native_action	8	completed
c5-timing-event-v1	C5	native	measured	dynamic-html-derived-v1	186	1	5d408c48c63d4d2f808c48c63d6d2f31	N400	400	node_monotonic_same_invocation	714275138488	ns	412815d5a6fc	native_action	8	started
c5-timing-event-v1	C5	native	measured	dynamic-html-derived-v1	186	1	5d408c48c63d4d2f808c48c63d6d2f31	NW400	410	node_monotonic_same_invocation	714275176552	ns	412815d5a6fc	native_action	8	started
c5-timing-event-v1	C5	native	measured	dynamic-html-derived-v1	186	1	5d408c48c63d4d2f808c48c63d6d2f31	NW410	420	node_monotonic_same_invocation	714284820726	ns	412815d5a6fc	native_action	8	completed
c5-timing-event-v1	C5	native	measured	dynamic-html-derived-v1	186	1	5d408c48c63d4d2f808c48c63d6d2f31	N410	430	node_monotonic_same_invocation	714284832528	ns	412815d5a6fc	native_action	8	completed
c5-timing-event-v1	C5	native	measured	dynamic-html-derived-v1	187	1	4556d0668d4d4a8996d0668d4d0a899f	N400	400	node_monotonic_same_invocation	717335338536	ns	db7517d89754	native_action	8	started
c5-timing-event-v1	C5	native	measured	dynamic-html-derived-v1	187	1	4556d0668d4d4a8996d0668d4d0a899f	NW400	410	node_monotonic_same_invocation	717335344272	ns	db7517d89754	native_action	8	started
c5-timing-event-v1	C5	native	measured	dynamic-html-derived-v1	187	1	4556d0668d4d4a8996d0668d4d0a899f	NW410	420	node_monotonic_same_invocation	717344823387	ns	db7517d89754	native_action	8	completed
c5-timing-event-v1	C5	native	measured	dynamic-html-derived-v1	187	1	4556d0668d4d4a8996d0668d4d0a899f	N410	430	node_monotonic_same_invocation	717344830672	ns	db7517d89754	native_action	8	completed
c5-timing-event-v1	C5	native	measured	dynamic-html-derived-v1	188	1	a96abeaf441b4864aabeaf441b08649a	N400	400	node_monotonic_same_invocation	717396192404	ns	db7517d89754	native_action	8	started
c5-timing-event-v1	C5	native	measured	dynamic-html-derived-v1	188	1	a96abeaf441b4864aabeaf441b08649a	NW400	410	node_monotonic_same_invocation	717396198315	ns	db7517d89754	native_action	8	started
c5-timing-event-v1	C5	native	measured	dynamic-html-derived-v1	188	1	a96abeaf441b4864aabeaf441b08649a	NW410	420	node_monotonic_same_invocation	717405493031	ns	db7517d89754	native_action	8	completed
c5-timing-event-v1	C5	native	measured	dynamic-html-derived-v1	188	1	a96abeaf441b4864aabeaf441b08649a	N410	430	node_monotonic_same_invocation	717405499852	ns	db7517d89754	native_action	8	completed
c5-timing-event-v1	C5	native	measured	dynamic-html-derived-v1	189	1	92ab244ac9f4473bab244ac9f4573bea	N400	400	node_monotonic_same_invocation	717448322634	ns	db7517d89754	native_action	8	started
c5-timing-event-v1	C5	native	measured	dynamic-html-derived-v1	189	1	92ab244ac9f4473bab244ac9f4573bea	NW400	410	node_monotonic_same_invocation	717448328981	ns	db7517d89754	native_action	8	started
c5-timing-event-v1	C5	native	measured	dynamic-html-derived-v1	189	1	92ab244ac9f4473bab244ac9f4573bea	NW410	420	node_monotonic_same_invocation	717457745458	ns	db7517d89754	native_action	8	completed
c5-timing-event-v1	C5	native	measured	dynamic-html-derived-v1	189	1	92ab244ac9f4473bab244ac9f4573bea	N410	430	node_monotonic_same_invocation	717457752186	ns	db7517d89754	native_action	8	completed
c5-timing-event-v1	C5	native	measured	dynamic-html-derived-v1	190	1	f0593f65055147a1993f65055117a1e3	N400	400	node_monotonic_same_invocation	717495378473	ns	db7517d89754	native_action	8	started
c5-timing-event-v1	C5	native	measured	dynamic-html-derived-v1	190	1	f0593f65055147a1993f65055117a1e3	NW400	410	node_monotonic_same_invocation	717495386171	ns	db7517d89754	native_action	8	started
c5-timing-event-v1	C5	native	measured	dynamic-html-derived-v1	190	1	f0593f65055147a1993f65055117a1e3	NW410	420	node_monotonic_same_invocation	717508858037	ns	db7517d89754	native_action	8	completed
c5-timing-event-v1	C5	native	measured	dynamic-html-derived-v1	190	1	f0593f65055147a1993f65055117a1e3	N410	430	node_monotonic_same_invocation	717508865220	ns	db7517d89754	native_action	8	completed
c5-timing-event-v1	C5	native	measured	dynamic-html-derived-v1	191	1	0a49f4ec93f64f2e89f4ec93f66f2e97	N400	400	node_monotonic_same_invocation	714453585785	ns	412815d5a6fc	native_action	8	started
c5-timing-event-v1	C5	native	measured	dynamic-html-derived-v1	191	1	0a49f4ec93f64f2e89f4ec93f66f2e97	NW400	410	node_monotonic_same_invocation	714453598749	ns	412815d5a6fc	native_action	8	started
c5-timing-event-v1	C5	native	measured	dynamic-html-derived-v1	191	1	0a49f4ec93f64f2e89f4ec93f66f2e97	NW410	420	node_monotonic_same_invocation	714463147714	ns	412815d5a6fc	native_action	8	completed
c5-timing-event-v1	C5	native	measured	dynamic-html-derived-v1	191	1	0a49f4ec93f64f2e89f4ec93f66f2e97	N410	430	node_monotonic_same_invocation	714463159048	ns	412815d5a6fc	native_action	8	completed
c5-timing-event-v1	C5	native	measured	dynamic-html-derived-v1	192	1	064ace07f6e24afb8ace07f6e29afb4c	N400	400	node_monotonic_same_invocation	717564170249	ns	db7517d89754	native_action	8	started
c5-timing-event-v1	C5	native	measured	dynamic-html-derived-v1	192	1	064ace07f6e24afb8ace07f6e29afb4c	NW400	410	node_monotonic_same_invocation	717564176195	ns	db7517d89754	native_action	8	started
c5-timing-event-v1	C5	native	measured	dynamic-html-derived-v1	192	1	064ace07f6e24afb8ace07f6e29afb4c	NW410	420	node_monotonic_same_invocation	717573580321	ns	db7517d89754	native_action	8	completed
c5-timing-event-v1	C5	native	measured	dynamic-html-derived-v1	192	1	064ace07f6e24afb8ace07f6e29afb4c	N410	430	node_monotonic_same_invocation	717573587099	ns	db7517d89754	native_action	8	completed
c5-timing-event-v1	C5	native	measured	dynamic-html-derived-v1	193	1	55cfc0a36a7649fc8fc0a36a76f9fc75	N400	400	node_monotonic_same_invocation	717608380896	ns	db7517d89754	native_action	8	started
c5-timing-event-v1	C5	native	measured	dynamic-html-derived-v1	193	1	55cfc0a36a7649fc8fc0a36a76f9fc75	NW400	410	node_monotonic_same_invocation	717608388602	ns	db7517d89754	native_action	8	started
c5-timing-event-v1	C5	native	measured	dynamic-html-derived-v1	193	1	55cfc0a36a7649fc8fc0a36a76f9fc75	NW410	420	node_monotonic_same_invocation	717624671112	ns	db7517d89754	native_action	8	completed
c5-timing-event-v1	C5	native	measured	dynamic-html-derived-v1	193	1	55cfc0a36a7649fc8fc0a36a76f9fc75	N410	430	node_monotonic_same_invocation	717624678484	ns	db7517d89754	native_action	8	completed
c5-timing-event-v1	C5	native	measured	dynamic-html-derived-v1	194	1	abbcc0b8ec724ca4bcc0b8ec725ca445	N400	400	node_monotonic_same_invocation	717651244771	ns	db7517d89754	native_action	8	started
c5-timing-event-v1	C5	native	measured	dynamic-html-derived-v1	194	1	abbcc0b8ec724ca4bcc0b8ec725ca445	NW400	410	node_monotonic_same_invocation	717651250577	ns	db7517d89754	native_action	8	started
c5-timing-event-v1	C5	native	measured	dynamic-html-derived-v1	194	1	abbcc0b8ec724ca4bcc0b8ec725ca445	NW410	420	node_monotonic_same_invocation	717660620267	ns	db7517d89754	native_action	8	completed
c5-timing-event-v1	C5	native	measured	dynamic-html-derived-v1	194	1	abbcc0b8ec724ca4bcc0b8ec725ca445	N410	430	node_monotonic_same_invocation	717660627442	ns	db7517d89754	native_action	8	completed
c5-timing-event-v1	C5	native	measured	dynamic-html-derived-v1	195	1	fefa94b55ea6414fba94b55ea6c14f5e	N400	400	node_monotonic_same_invocation	717703551141	ns	db7517d89754	native_action	8	started
c5-timing-event-v1	C5	native	measured	dynamic-html-derived-v1	195	1	fefa94b55ea6414fba94b55ea6c14f5e	NW400	410	node_monotonic_same_invocation	717703557020	ns	db7517d89754	native_action	8	started
c5-timing-event-v1	C5	native	measured	dynamic-html-derived-v1	195	1	fefa94b55ea6414fba94b55ea6c14f5e	NW410	420	node_monotonic_same_invocation	717712857920	ns	db7517d89754	native_action	8	completed
c5-timing-event-v1	C5	native	measured	dynamic-html-derived-v1	195	1	fefa94b55ea6414fba94b55ea6c14f5e	N410	430	node_monotonic_same_invocation	717712865014	ns	db7517d89754	native_action	8	completed
c5-timing-event-v1	C5	native	measured	dynamic-html-derived-v1	196	1	f5c29d8261bb45dd829d8261bb55dd27	N400	400	node_monotonic_same_invocation	717739425548	ns	db7517d89754	native_action	8	started
c5-timing-event-v1	C5	native	measured	dynamic-html-derived-v1	196	1	f5c29d8261bb45dd829d8261bb55dd27	NW400	410	node_monotonic_same_invocation	717739431266	ns	db7517d89754	native_action	8	started
c5-timing-event-v1	C5	native	measured	dynamic-html-derived-v1	196	1	f5c29d8261bb45dd829d8261bb55dd27	NW410	420	node_monotonic_same_invocation	717751381367	ns	db7517d89754	native_action	8	completed
c5-timing-event-v1	C5	native	measured	dynamic-html-derived-v1	196	1	f5c29d8261bb45dd829d8261bb55dd27	N410	430	node_monotonic_same_invocation	717751388763	ns	db7517d89754	native_action	8	completed
c5-timing-event-v1	C5	native	measured	dynamic-html-derived-v1	197	1	ca4027203af448618027203af4886165	N400	400	node_monotonic_same_invocation	717791811635	ns	db7517d89754	native_action	8	started
c5-timing-event-v1	C5	native	measured	dynamic-html-derived-v1	197	1	ca4027203af448618027203af4886165	NW400	410	node_monotonic_same_invocation	717791817559	ns	db7517d89754	native_action	8	started
c5-timing-event-v1	C5	native	measured	dynamic-html-derived-v1	197	1	ca4027203af448618027203af4886165	NW410	420	node_monotonic_same_invocation	717801214863	ns	db7517d89754	native_action	8	completed
c5-timing-event-v1	C5	native	measured	dynamic-html-derived-v1	197	1	ca4027203af448618027203af4886165	N410	430	node_monotonic_same_invocation	717801221664	ns	db7517d89754	native_action	8	completed
c5-timing-event-v1	C5	native	measured	dynamic-html-derived-v1	198	1	47fe8bbbb7c748f2be8bbbb7c768f201	N400	400	node_monotonic_same_invocation	717844627587	ns	db7517d89754	native_action	8	started
c5-timing-event-v1	C5	native	measured	dynamic-html-derived-v1	198	1	47fe8bbbb7c748f2be8bbbb7c768f201	NW400	410	node_monotonic_same_invocation	717844634963	ns	db7517d89754	native_action	8	started
c5-timing-event-v1	C5	native	measured	dynamic-html-derived-v1	198	1	47fe8bbbb7c748f2be8bbbb7c768f201	NW410	420	node_monotonic_same_invocation	717854043742	ns	db7517d89754	native_action	8	completed
c5-timing-event-v1	C5	native	measured	dynamic-html-derived-v1	198	1	47fe8bbbb7c748f2be8bbbb7c768f201	N410	430	node_monotonic_same_invocation	717854050582	ns	db7517d89754	native_action	8	completed
c5-timing-event-v1	C5	native	measured	dynamic-html-derived-v1	199	1	e256ed427541487b96ed427541e87b77	N400	400	node_monotonic_same_invocation	717897174661	ns	db7517d89754	native_action	8	started
c5-timing-event-v1	C5	native	measured	dynamic-html-derived-v1	199	1	e256ed427541487b96ed427541e87b77	NW400	410	node_monotonic_same_invocation	717897182387	ns	db7517d89754	native_action	8	started
c5-timing-event-v1	C5	native	measured	dynamic-html-derived-v1	199	1	e256ed427541487b96ed427541e87b77	NW410	420	node_monotonic_same_invocation	717913655440	ns	db7517d89754	native_action	8	completed
c5-timing-event-v1	C5	native	measured	dynamic-html-derived-v1	199	1	e256ed427541487b96ed427541e87b77	N410	430	node_monotonic_same_invocation	717913664511	ns	db7517d89754	native_action	8	completed
c5-timing-event-v1	C5	native	measured	dynamic-html-derived-v1	200	1	e87224cf32334c49b224cf3233ac49b5	N400	400	node_monotonic_same_invocation	717939713708	ns	db7517d89754	native_action	8	started
c5-timing-event-v1	C5	native	measured	dynamic-html-derived-v1	200	1	e87224cf32334c49b224cf3233ac49b5	NW400	410	node_monotonic_same_invocation	717939719988	ns	db7517d89754	native_action	8	started
c5-timing-event-v1	C5	native	measured	dynamic-html-derived-v1	200	1	e87224cf32334c49b224cf3233ac49b5	NW410	420	node_monotonic_same_invocation	717949062525	ns	db7517d89754	native_action	8	completed
c5-timing-event-v1	C5	native	measured	dynamic-html-derived-v1	200	1	e87224cf32334c49b224cf3233ac49b5	N410	430	node_monotonic_same_invocation	717949075542	ns	db7517d89754	native_action	8	completed
c5-timing-event-v1	C5	native	measured	dynamic-html-derived-v1	201	1	2db464b1715e47acb464b1715e07ac02	N400	400	node_monotonic_same_invocation	718019762201	ns	db7517d89754	native_action	8	started
c5-timing-event-v1	C5	native	measured	dynamic-html-derived-v1	201	1	2db464b1715e47acb464b1715e07ac02	NW400	410	node_monotonic_same_invocation	718019771637	ns	db7517d89754	native_action	8	started
c5-timing-event-v1	C5	native	measured	dynamic-html-derived-v1	201	1	2db464b1715e47acb464b1715e07ac02	NW410	420	node_monotonic_same_invocation	718036930358	ns	db7517d89754	native_action	8	completed
c5-timing-event-v1	C5	native	measured	dynamic-html-derived-v1	201	1	2db464b1715e47acb464b1715e07ac02	N410	430	node_monotonic_same_invocation	718036940070	ns	db7517d89754	native_action	8	completed
c5-timing-event-v1	C5	native	measured	dynamic-html-derived-v1	202	1	d404108cc49f43a984108cc49fb3a90e	N400	400	node_monotonic_same_invocation	714985027880	ns	412815d5a6fc	native_action	8	started
c5-timing-event-v1	C5	native	measured	dynamic-html-derived-v1	202	1	d404108cc49f43a984108cc49fb3a90e	NW400	410	node_monotonic_same_invocation	714985040147	ns	412815d5a6fc	native_action	8	started
c5-timing-event-v1	C5	native	measured	dynamic-html-derived-v1	202	1	d404108cc49f43a984108cc49fb3a90e	NW410	420	node_monotonic_same_invocation	714994722517	ns	412815d5a6fc	native_action	8	completed
c5-timing-event-v1	C5	native	measured	dynamic-html-derived-v1	202	1	d404108cc49f43a984108cc49fb3a90e	N410	430	node_monotonic_same_invocation	714994735727	ns	412815d5a6fc	native_action	8	completed
c5-timing-event-v1	C5	native	measured	dynamic-html-derived-v1	203	1	67bb033e567a4a4cbb033e567a5a4c3e	N400	400	node_monotonic_same_invocation	718103581718	ns	db7517d89754	native_action	8	started
c5-timing-event-v1	C5	native	measured	dynamic-html-derived-v1	203	1	67bb033e567a4a4cbb033e567a5a4c3e	NW400	410	node_monotonic_same_invocation	718103588839	ns	db7517d89754	native_action	8	started
c5-timing-event-v1	C5	native	measured	dynamic-html-derived-v1	203	1	67bb033e567a4a4cbb033e567a5a4c3e	NW410	420	node_monotonic_same_invocation	718113022635	ns	db7517d89754	native_action	8	completed
c5-timing-event-v1	C5	native	measured	dynamic-html-derived-v1	203	1	67bb033e567a4a4cbb033e567a5a4c3e	N410	430	node_monotonic_same_invocation	718113030729	ns	db7517d89754	native_action	8	completed
c5-timing-event-v1	C5	native	measured	dynamic-html-derived-v1	204	1	47bcd37f5abe4b30bcd37f5abe1b30f8	N400	400	node_monotonic_same_invocation	718134635020	ns	db7517d89754	native_action	8	started
c5-timing-event-v1	C5	native	measured	dynamic-html-derived-v1	204	1	47bcd37f5abe4b30bcd37f5abe1b30f8	NW400	410	node_monotonic_same_invocation	718134641590	ns	db7517d89754	native_action	8	started
c5-timing-event-v1	C5	native	measured	dynamic-html-derived-v1	204	1	47bcd37f5abe4b30bcd37f5abe1b30f8	NW410	420	node_monotonic_same_invocation	718144027036	ns	db7517d89754	native_action	8	completed
c5-timing-event-v1	C5	native	measured	dynamic-html-derived-v1	204	1	47bcd37f5abe4b30bcd37f5abe1b30f8	N410	430	node_monotonic_same_invocation	718144034395	ns	db7517d89754	native_action	8	completed
c5-timing-event-v1	C5	native	measured	dynamic-html-derived-v1	205	1	73dc9dc956f449dc9c9dc956f4d9dc31	N400	400	node_monotonic_same_invocation	715111564473	ns	412815d5a6fc	native_action	8	started
c5-timing-event-v1	C5	native	measured	dynamic-html-derived-v1	205	1	73dc9dc956f449dc9c9dc956f4d9dc31	NW400	410	node_monotonic_same_invocation	715111579333	ns	412815d5a6fc	native_action	8	started
c5-timing-event-v1	C5	native	measured	dynamic-html-derived-v1	205	1	73dc9dc956f449dc9c9dc956f4d9dc31	NW410	420	node_monotonic_same_invocation	715121302983	ns	412815d5a6fc	native_action	8	completed
c5-timing-event-v1	C5	native	measured	dynamic-html-derived-v1	205	1	73dc9dc956f449dc9c9dc956f4d9dc31	N410	430	node_monotonic_same_invocation	715121314196	ns	412815d5a6fc	native_action	8	completed
c5-timing-event-v1	C5	native	measured	dynamic-html-derived-v1	206	1	82599aefa9164f8a999aefa9165f8afa	N400	400	node_monotonic_same_invocation	718233512170	ns	db7517d89754	native_action	8	started
c5-timing-event-v1	C5	native	measured	dynamic-html-derived-v1	206	1	82599aefa9164f8a999aefa9165f8afa	NW400	410	node_monotonic_same_invocation	718233519509	ns	db7517d89754	native_action	8	started
c5-timing-event-v1	C5	native	measured	dynamic-html-derived-v1	206	1	82599aefa9164f8a999aefa9165f8afa	NW410	420	node_monotonic_same_invocation	718243010188	ns	db7517d89754	native_action	8	completed
c5-timing-event-v1	C5	native	measured	dynamic-html-derived-v1	206	1	82599aefa9164f8a999aefa9165f8afa	N410	430	node_monotonic_same_invocation	718243017395	ns	db7517d89754	native_action	8	completed
c5-timing-event-v1	C5	native	measured	dynamic-html-derived-v1	207	1	c6c20b7686064c08820b768606ec08e1	N400	400	node_monotonic_same_invocation	715289441495	ns	412815d5a6fc	native_action	8	started
c5-timing-event-v1	C5	native	measured	dynamic-html-derived-v1	207	1	c6c20b7686064c08820b768606ec08e1	NW400	410	node_monotonic_same_invocation	715289452968	ns	412815d5a6fc	native_action	8	started
c5-timing-event-v1	C5	native	measured	dynamic-html-derived-v1	207	1	c6c20b7686064c08820b768606ec08e1	NW410	420	node_monotonic_same_invocation	715299478844	ns	412815d5a6fc	native_action	8	completed
c5-timing-event-v1	C5	native	measured	dynamic-html-derived-v1	207	1	c6c20b7686064c08820b768606ec08e1	N410	430	node_monotonic_same_invocation	715299490600	ns	412815d5a6fc	native_action	8	completed
c5-timing-event-v1	C5	native	measured	dynamic-html-derived-v1	208	1	44db77c788ce4d329b77c788cecd3238	N400	400	node_monotonic_same_invocation	718294380532	ns	db7517d89754	native_action	8	started
c5-timing-event-v1	C5	native	measured	dynamic-html-derived-v1	208	1	44db77c788ce4d329b77c788cecd3238	NW400	410	node_monotonic_same_invocation	718294386419	ns	db7517d89754	native_action	8	started
c5-timing-event-v1	C5	native	measured	dynamic-html-derived-v1	208	1	44db77c788ce4d329b77c788cecd3238	NW410	420	node_monotonic_same_invocation	718303731626	ns	db7517d89754	native_action	8	completed
c5-timing-event-v1	C5	native	measured	dynamic-html-derived-v1	208	1	44db77c788ce4d329b77c788cecd3238	N410	430	node_monotonic_same_invocation	718303738515	ns	db7517d89754	native_action	8	completed
c5-timing-event-v1	C5	native	measured	dynamic-html-derived-v1	209	1	08d32140de5445c5932140de54f5c54b	N400	400	node_monotonic_same_invocation	718327191675	ns	db7517d89754	native_action	8	started
c5-timing-event-v1	C5	native	measured	dynamic-html-derived-v1	209	1	08d32140de5445c5932140de54f5c54b	NW400	410	node_monotonic_same_invocation	718327198775	ns	db7517d89754	native_action	8	started
c5-timing-event-v1	C5	native	measured	dynamic-html-derived-v1	209	1	08d32140de5445c5932140de54f5c54b	NW410	420	node_monotonic_same_invocation	718337256110	ns	db7517d89754	native_action	8	completed
c5-timing-event-v1	C5	native	measured	dynamic-html-derived-v1	209	1	08d32140de5445c5932140de54f5c54b	N410	430	node_monotonic_same_invocation	718337265285	ns	db7517d89754	native_action	8	completed
c5-timing-event-v1	C5	native	measured	dynamic-html-derived-v1	210	1	dcfe7afbe09c477dbe7afbe09c577d5d	N400	400	node_monotonic_same_invocation	718391685930	ns	db7517d89754	native_action	8	started
c5-timing-event-v1	C5	native	measured	dynamic-html-derived-v1	210	1	dcfe7afbe09c477dbe7afbe09c577d5d	NW400	410	node_monotonic_same_invocation	718391691793	ns	db7517d89754	native_action	8	started
c5-timing-event-v1	C5	native	measured	dynamic-html-derived-v1	210	1	dcfe7afbe09c477dbe7afbe09c577d5d	NW410	420	node_monotonic_same_invocation	718401006530	ns	db7517d89754	native_action	8	completed
c5-timing-event-v1	C5	native	measured	dynamic-html-derived-v1	210	1	dcfe7afbe09c477dbe7afbe09c577d5d	N410	430	node_monotonic_same_invocation	718401013464	ns	db7517d89754	native_action	8	completed
c5-timing-event-v1	C5	native	measured	dynamic-html-derived-v1	211	1	05d3157ac08740d293157ac08770d291	N400	400	node_monotonic_same_invocation	718437740639	ns	db7517d89754	native_action	8	started
c5-timing-event-v1	C5	native	measured	dynamic-html-derived-v1	211	1	05d3157ac08740d293157ac08770d291	NW400	410	node_monotonic_same_invocation	718437746285	ns	db7517d89754	native_action	8	started
c5-timing-event-v1	C5	native	measured	dynamic-html-derived-v1	211	1	05d3157ac08740d293157ac08770d291	NW410	420	node_monotonic_same_invocation	718447009309	ns	db7517d89754	native_action	8	completed
c5-timing-event-v1	C5	native	measured	dynamic-html-derived-v1	211	1	05d3157ac08740d293157ac08770d291	N410	430	node_monotonic_same_invocation	718447015990	ns	db7517d89754	native_action	8	completed
c5-timing-event-v1	C5	native	measured	dynamic-html-derived-v1	212	1	1ee68209003b46d0a68209003b86d0da	N400	400	node_monotonic_same_invocation	718490291069	ns	db7517d89754	native_action	8	started
c5-timing-event-v1	C5	native	measured	dynamic-html-derived-v1	212	1	1ee68209003b46d0a68209003b86d0da	NW400	410	node_monotonic_same_invocation	718490296777	ns	db7517d89754	native_action	8	started
c5-timing-event-v1	C5	native	measured	dynamic-html-derived-v1	212	1	1ee68209003b46d0a68209003b86d0da	NW410	420	node_monotonic_same_invocation	718499802217	ns	db7517d89754	native_action	8	completed
c5-timing-event-v1	C5	native	measured	dynamic-html-derived-v1	212	1	1ee68209003b46d0a68209003b86d0da	N410	430	node_monotonic_same_invocation	718499809325	ns	db7517d89754	native_action	8	completed
c5-timing-event-v1	C5	native	measured	dynamic-html-derived-v1	213	1	495f8e4eb9944ac09f8e4eb9948ac0ca	N400	400	node_monotonic_same_invocation	718530020630	ns	db7517d89754	native_action	8	started
c5-timing-event-v1	C5	native	measured	dynamic-html-derived-v1	213	1	495f8e4eb9944ac09f8e4eb9948ac0ca	NW400	410	node_monotonic_same_invocation	718530026609	ns	db7517d89754	native_action	8	started
c5-timing-event-v1	C5	native	measured	dynamic-html-derived-v1	213	1	495f8e4eb9944ac09f8e4eb9948ac0ca	NW410	420	node_monotonic_same_invocation	718539463831	ns	db7517d89754	native_action	8	completed
c5-timing-event-v1	C5	native	measured	dynamic-html-derived-v1	213	1	495f8e4eb9944ac09f8e4eb9948ac0ca	N410	430	node_monotonic_same_invocation	718539470398	ns	db7517d89754	native_action	8	completed
c5-timing-event-v1	C5	native	measured	dynamic-html-derived-v1	214	1	d9596a96ed8f4b3b996a96ed8f3b3b74	N400	400	node_monotonic_same_invocation	718587903544	ns	db7517d89754	native_action	8	started
c5-timing-event-v1	C5	native	measured	dynamic-html-derived-v1	214	1	d9596a96ed8f4b3b996a96ed8f3b3b74	NW400	410	node_monotonic_same_invocation	718587910902	ns	db7517d89754	native_action	8	started
c5-timing-event-v1	C5	native	measured	dynamic-html-derived-v1	214	1	d9596a96ed8f4b3b996a96ed8f3b3b74	NW410	420	node_monotonic_same_invocation	718598264719	ns	db7517d89754	native_action	8	completed
c5-timing-event-v1	C5	native	measured	dynamic-html-derived-v1	214	1	d9596a96ed8f4b3b996a96ed8f3b3b74	N410	430	node_monotonic_same_invocation	718598271744	ns	db7517d89754	native_action	8	completed
c5-timing-event-v1	C5	native	measured	dynamic-html-derived-v1	215	1	e1cda5f6b40844e58da5f6b40884e51a	N400	400	node_monotonic_same_invocation	718627474525	ns	db7517d89754	native_action	8	started
c5-timing-event-v1	C5	native	measured	dynamic-html-derived-v1	215	1	e1cda5f6b40844e58da5f6b40884e51a	NW400	410	node_monotonic_same_invocation	718627480398	ns	db7517d89754	native_action	8	started
c5-timing-event-v1	C5	native	measured	dynamic-html-derived-v1	215	1	e1cda5f6b40844e58da5f6b40884e51a	NW410	420	node_monotonic_same_invocation	718636771328	ns	db7517d89754	native_action	8	completed
c5-timing-event-v1	C5	native	measured	dynamic-html-derived-v1	215	1	e1cda5f6b40844e58da5f6b40884e51a	N410	430	node_monotonic_same_invocation	718636778151	ns	db7517d89754	native_action	8	completed
c5-timing-event-v1	C5	native	measured	dynamic-html-derived-v1	216	1	646a7e1cb6be41f1aa7e1cb6be91f1d4	N400	400	node_monotonic_same_invocation	718702967031	ns	db7517d89754	native_action	8	started
c5-timing-event-v1	C5	native	measured	dynamic-html-derived-v1	216	1	646a7e1cb6be41f1aa7e1cb6be91f1d4	NW400	410	node_monotonic_same_invocation	718702972541	ns	db7517d89754	native_action	8	started
c5-timing-event-v1	C5	native	measured	dynamic-html-derived-v1	216	1	646a7e1cb6be41f1aa7e1cb6be91f1d4	NW410	420	node_monotonic_same_invocation	718712312963	ns	db7517d89754	native_action	8	completed
c5-timing-event-v1	C5	native	measured	dynamic-html-derived-v1	216	1	646a7e1cb6be41f1aa7e1cb6be91f1d4	N410	430	node_monotonic_same_invocation	718712319761	ns	db7517d89754	native_action	8	completed
c5-timing-event-v1	C5	native	measured	dynamic-html-derived-v1	217	1	c2f3a7fbe64641dab3a7fbe646d1da99	N400	400	node_monotonic_same_invocation	718739790188	ns	db7517d89754	native_action	8	started
c5-timing-event-v1	C5	native	measured	dynamic-html-derived-v1	217	1	c2f3a7fbe64641dab3a7fbe646d1da99	NW400	410	node_monotonic_same_invocation	718739796217	ns	db7517d89754	native_action	8	started
c5-timing-event-v1	C5	native	measured	dynamic-html-derived-v1	217	1	c2f3a7fbe64641dab3a7fbe646d1da99	NW410	420	node_monotonic_same_invocation	718749110389	ns	db7517d89754	native_action	8	completed
c5-timing-event-v1	C5	native	measured	dynamic-html-derived-v1	217	1	c2f3a7fbe64641dab3a7fbe646d1da99	N410	430	node_monotonic_same_invocation	718749117171	ns	db7517d89754	native_action	8	completed
c5-timing-event-v1	C5	native	measured	dynamic-html-derived-v1	218	1	354d9e9976a642458d9e9976a67245f8	N400	400	node_monotonic_same_invocation	718795864843	ns	db7517d89754	native_action	8	started
c5-timing-event-v1	C5	native	measured	dynamic-html-derived-v1	218	1	354d9e9976a642458d9e9976a67245f8	NW400	410	node_monotonic_same_invocation	718795870905	ns	db7517d89754	native_action	8	started
c5-timing-event-v1	C5	native	measured	dynamic-html-derived-v1	218	1	354d9e9976a642458d9e9976a67245f8	NW410	420	node_monotonic_same_invocation	718805308008	ns	db7517d89754	native_action	8	completed
c5-timing-event-v1	C5	native	measured	dynamic-html-derived-v1	218	1	354d9e9976a642458d9e9976a67245f8	N410	430	node_monotonic_same_invocation	718805314957	ns	db7517d89754	native_action	8	completed
c5-timing-event-v1	C5	native	measured	dynamic-html-derived-v1	219	1	793132941c574ca3b132941c57cca340	N400	400	node_monotonic_same_invocation	718850469114	ns	db7517d89754	native_action	8	started
c5-timing-event-v1	C5	native	measured	dynamic-html-derived-v1	219	1	793132941c574ca3b132941c57cca340	NW400	410	node_monotonic_same_invocation	718850475078	ns	db7517d89754	native_action	8	started
c5-timing-event-v1	C5	native	measured	dynamic-html-derived-v1	219	1	793132941c574ca3b132941c57cca340	NW410	420	node_monotonic_same_invocation	718859733404	ns	db7517d89754	native_action	8	completed
c5-timing-event-v1	C5	native	measured	dynamic-html-derived-v1	219	1	793132941c574ca3b132941c57cca340	N410	430	node_monotonic_same_invocation	718859740517	ns	db7517d89754	native_action	8	completed
c5-timing-event-v1	C5	native	measured	dynamic-html-derived-v1	220	1	0379660953f54b81b9660953f51b812d	N400	400	node_monotonic_same_invocation	718905740424	ns	db7517d89754	native_action	8	started
c5-timing-event-v1	C5	native	measured	dynamic-html-derived-v1	220	1	0379660953f54b81b9660953f51b812d	NW400	410	node_monotonic_same_invocation	718905746591	ns	db7517d89754	native_action	8	started
c5-timing-event-v1	C5	native	measured	dynamic-html-derived-v1	220	1	0379660953f54b81b9660953f51b812d	NW410	420	node_monotonic_same_invocation	718915054497	ns	db7517d89754	native_action	8	completed
c5-timing-event-v1	C5	native	measured	dynamic-html-derived-v1	220	1	0379660953f54b81b9660953f51b812d	N410	430	node_monotonic_same_invocation	718915061727	ns	db7517d89754	native_action	8	completed
c5-timing-event-v1	C5	native	measured	dynamic-html-derived-v1	221	1	5e8e40669abd4e518e40669abd1e514d	N400	400	node_monotonic_same_invocation	715876615226	ns	412815d5a6fc	native_action	8	started
c5-timing-event-v1	C5	native	measured	dynamic-html-derived-v1	221	1	5e8e40669abd4e518e40669abd1e514d	NW400	410	node_monotonic_same_invocation	715876629633	ns	412815d5a6fc	native_action	8	started
c5-timing-event-v1	C5	native	measured	dynamic-html-derived-v1	221	1	5e8e40669abd4e518e40669abd1e514d	NW410	420	node_monotonic_same_invocation	715891795953	ns	412815d5a6fc	native_action	8	completed
c5-timing-event-v1	C5	native	measured	dynamic-html-derived-v1	221	1	5e8e40669abd4e518e40669abd1e514d	N410	430	node_monotonic_same_invocation	715891810948	ns	412815d5a6fc	native_action	8	completed
c5-timing-event-v1	C5	native	measured	dynamic-html-derived-v1	222	1	5d248c35aed749f7a48c35aed749f7f1	N400	400	node_monotonic_same_invocation	719022700679	ns	db7517d89754	native_action	8	started
c5-timing-event-v1	C5	native	measured	dynamic-html-derived-v1	222	1	5d248c35aed749f7a48c35aed749f7f1	NW400	410	node_monotonic_same_invocation	719022706706	ns	db7517d89754	native_action	8	started
c5-timing-event-v1	C5	native	measured	dynamic-html-derived-v1	222	1	5d248c35aed749f7a48c35aed749f7f1	NW410	420	node_monotonic_same_invocation	719031974595	ns	db7517d89754	native_action	8	completed
c5-timing-event-v1	C5	native	measured	dynamic-html-derived-v1	222	1	5d248c35aed749f7a48c35aed749f7f1	N410	430	node_monotonic_same_invocation	719031981738	ns	db7517d89754	native_action	8	completed
c5-timing-event-v1	C5	native	measured	dynamic-html-derived-v1	223	1	1c66bb264cf94c4da6bb264cf91c4d5b	N400	400	node_monotonic_same_invocation	715986414874	ns	412815d5a6fc	native_action	8	started
c5-timing-event-v1	C5	native	measured	dynamic-html-derived-v1	223	1	1c66bb264cf94c4da6bb264cf91c4d5b	NW400	410	node_monotonic_same_invocation	715986427079	ns	412815d5a6fc	native_action	8	started
c5-timing-event-v1	C5	native	measured	dynamic-html-derived-v1	223	1	1c66bb264cf94c4da6bb264cf91c4d5b	NW410	420	node_monotonic_same_invocation	715996221020	ns	412815d5a6fc	native_action	8	completed
c5-timing-event-v1	C5	native	measured	dynamic-html-derived-v1	223	1	1c66bb264cf94c4da6bb264cf91c4d5b	N410	430	node_monotonic_same_invocation	715996231898	ns	412815d5a6fc	native_action	8	completed
c5-timing-event-v1	C5	native	measured	dynamic-html-derived-v1	224	1	e15d6d232ff744ae9d6d232ff7f4aedd	N400	400	node_monotonic_same_invocation	719087340414	ns	db7517d89754	native_action	8	started
c5-timing-event-v1	C5	native	measured	dynamic-html-derived-v1	224	1	e15d6d232ff744ae9d6d232ff7f4aedd	NW400	410	node_monotonic_same_invocation	719087346426	ns	db7517d89754	native_action	8	started
c5-timing-event-v1	C5	native	measured	dynamic-html-derived-v1	224	1	e15d6d232ff744ae9d6d232ff7f4aedd	NW410	420	node_monotonic_same_invocation	719096659677	ns	db7517d89754	native_action	8	completed
c5-timing-event-v1	C5	native	measured	dynamic-html-derived-v1	224	1	e15d6d232ff744ae9d6d232ff7f4aedd	N410	430	node_monotonic_same_invocation	719096666574	ns	db7517d89754	native_action	8	completed
c5-timing-event-v1	C5	native	measured	dynamic-html-derived-v1	225	1	99f5211cbfb94aa0b5211cbfb90aa047	N400	400	node_monotonic_same_invocation	719128674296	ns	db7517d89754	native_action	8	started
c5-timing-event-v1	C5	native	measured	dynamic-html-derived-v1	225	1	99f5211cbfb94aa0b5211cbfb90aa047	NW400	410	node_monotonic_same_invocation	719128680117	ns	db7517d89754	native_action	8	started
c5-timing-event-v1	C5	native	measured	dynamic-html-derived-v1	225	1	99f5211cbfb94aa0b5211cbfb90aa047	NW410	420	node_monotonic_same_invocation	719137939840	ns	db7517d89754	native_action	8	completed
c5-timing-event-v1	C5	native	measured	dynamic-html-derived-v1	225	1	99f5211cbfb94aa0b5211cbfb90aa047	N410	430	node_monotonic_same_invocation	719137946410	ns	db7517d89754	native_action	8	completed
c5-timing-event-v1	C5	native	measured	dynamic-html-derived-v1	226	1	c79213e8bd4642e99213e8bd46a2e93f	N400	400	node_monotonic_same_invocation	719186272933	ns	db7517d89754	native_action	8	started
c5-timing-event-v1	C5	native	measured	dynamic-html-derived-v1	226	1	c79213e8bd4642e99213e8bd46a2e93f	NW400	410	node_monotonic_same_invocation	719186279672	ns	db7517d89754	native_action	8	started
c5-timing-event-v1	C5	native	measured	dynamic-html-derived-v1	226	1	c79213e8bd4642e99213e8bd46a2e93f	NW410	420	node_monotonic_same_invocation	719196258298	ns	db7517d89754	native_action	8	completed
c5-timing-event-v1	C5	native	measured	dynamic-html-derived-v1	226	1	c79213e8bd4642e99213e8bd46a2e93f	N410	430	node_monotonic_same_invocation	719196265662	ns	db7517d89754	native_action	8	completed
c5-timing-event-v1	C5	native	measured	dynamic-html-derived-v1	227	1	6867d845f77242f2a7d845f77232f205	N400	400	node_monotonic_same_invocation	716196763012	ns	412815d5a6fc	native_action	8	started
c5-timing-event-v1	C5	native	measured	dynamic-html-derived-v1	227	1	6867d845f77242f2a7d845f77232f205	NW400	410	node_monotonic_same_invocation	716196775724	ns	412815d5a6fc	native_action	8	started
c5-timing-event-v1	C5	native	measured	dynamic-html-derived-v1	227	1	6867d845f77242f2a7d845f77232f205	NW410	420	node_monotonic_same_invocation	716206653540	ns	412815d5a6fc	native_action	8	completed
c5-timing-event-v1	C5	native	measured	dynamic-html-derived-v1	227	1	6867d845f77242f2a7d845f77232f205	N410	430	node_monotonic_same_invocation	716206664673	ns	412815d5a6fc	native_action	8	completed
c5-timing-event-v1	C5	native	measured	dynamic-html-derived-v1	228	1	749b173073d542219b173073d5822171	N400	400	node_monotonic_same_invocation	719235911363	ns	db7517d89754	native_action	8	started
c5-timing-event-v1	C5	native	measured	dynamic-html-derived-v1	228	1	749b173073d542219b173073d5822171	NW400	410	node_monotonic_same_invocation	719235917311	ns	db7517d89754	native_action	8	started
c5-timing-event-v1	C5	native	measured	dynamic-html-derived-v1	228	1	749b173073d542219b173073d5822171	NW410	420	node_monotonic_same_invocation	719245286037	ns	db7517d89754	native_action	8	completed
c5-timing-event-v1	C5	native	measured	dynamic-html-derived-v1	228	1	749b173073d542219b173073d5822171	N410	430	node_monotonic_same_invocation	719245292716	ns	db7517d89754	native_action	8	completed
c5-timing-event-v1	C5	native	measured	dynamic-html-derived-v1	229	1	23693ea928264d7ba93ea92826bd7b6e	N400	400	node_monotonic_same_invocation	719307520596	ns	db7517d89754	native_action	8	started
c5-timing-event-v1	C5	native	measured	dynamic-html-derived-v1	229	1	23693ea928264d7ba93ea92826bd7b6e	NW400	410	node_monotonic_same_invocation	719307526989	ns	db7517d89754	native_action	8	started
c5-timing-event-v1	C5	native	measured	dynamic-html-derived-v1	229	1	23693ea928264d7ba93ea92826bd7b6e	NW410	420	node_monotonic_same_invocation	719316927696	ns	db7517d89754	native_action	8	completed
c5-timing-event-v1	C5	native	measured	dynamic-html-derived-v1	229	1	23693ea928264d7ba93ea92826bd7b6e	N410	430	node_monotonic_same_invocation	719316934714	ns	db7517d89754	native_action	8	completed
c5-timing-event-v1	C5	native	measured	dynamic-html-derived-v1	230	1	ee3ef7dc705a4f4fbef7dc705acf4fa5	N400	400	node_monotonic_same_invocation	719360163143	ns	db7517d89754	native_action	8	started
c5-timing-event-v1	C5	native	measured	dynamic-html-derived-v1	230	1	ee3ef7dc705a4f4fbef7dc705acf4fa5	NW400	410	node_monotonic_same_invocation	719360168987	ns	db7517d89754	native_action	8	started
c5-timing-event-v1	C5	native	measured	dynamic-html-derived-v1	230	1	ee3ef7dc705a4f4fbef7dc705acf4fa5	NW410	420	node_monotonic_same_invocation	719370166958	ns	db7517d89754	native_action	8	completed
c5-timing-event-v1	C5	native	measured	dynamic-html-derived-v1	230	1	ee3ef7dc705a4f4fbef7dc705acf4fa5	N410	430	node_monotonic_same_invocation	719370174272	ns	db7517d89754	native_action	8	completed
c5-timing-event-v1	C5	native	measured	dynamic-html-derived-v1	231	1	b6fae47ad1af4f13bae47ad1af5f131f	N400	400	node_monotonic_same_invocation	719417030913	ns	db7517d89754	native_action	8	started
c5-timing-event-v1	C5	native	measured	dynamic-html-derived-v1	231	1	b6fae47ad1af4f13bae47ad1af5f131f	NW400	410	node_monotonic_same_invocation	719417036969	ns	db7517d89754	native_action	8	started
c5-timing-event-v1	C5	native	measured	dynamic-html-derived-v1	231	1	b6fae47ad1af4f13bae47ad1af5f131f	NW410	420	node_monotonic_same_invocation	719426416498	ns	db7517d89754	native_action	8	completed
c5-timing-event-v1	C5	native	measured	dynamic-html-derived-v1	231	1	b6fae47ad1af4f13bae47ad1af5f131f	N410	430	node_monotonic_same_invocation	719426423290	ns	db7517d89754	native_action	8	completed
c5-timing-event-v1	C5	native	measured	dynamic-html-derived-v1	232	1	a179bcbdd2d54c32b9bcbdd2d56c32fe	N400	400	node_monotonic_same_invocation	719476082570	ns	db7517d89754	native_action	8	started
c5-timing-event-v1	C5	native	measured	dynamic-html-derived-v1	232	1	a179bcbdd2d54c32b9bcbdd2d56c32fe	NW400	410	node_monotonic_same_invocation	719476090158	ns	db7517d89754	native_action	8	started
c5-timing-event-v1	C5	native	measured	dynamic-html-derived-v1	232	1	a179bcbdd2d54c32b9bcbdd2d56c32fe	NW410	420	node_monotonic_same_invocation	719489712118	ns	db7517d89754	native_action	8	completed
c5-timing-event-v1	C5	native	measured	dynamic-html-derived-v1	232	1	a179bcbdd2d54c32b9bcbdd2d56c32fe	N410	430	node_monotonic_same_invocation	719489719058	ns	db7517d89754	native_action	8	completed
c5-timing-event-v1	C5	native	measured	dynamic-html-derived-v1	233	1	b28a1fdcc590418c8a1fdcc590b18cbd	N400	400	node_monotonic_same_invocation	719528349714	ns	db7517d89754	native_action	8	started
c5-timing-event-v1	C5	native	measured	dynamic-html-derived-v1	233	1	b28a1fdcc590418c8a1fdcc590b18cbd	NW400	410	node_monotonic_same_invocation	719528357113	ns	db7517d89754	native_action	8	started
c5-timing-event-v1	C5	native	measured	dynamic-html-derived-v1	233	1	b28a1fdcc590418c8a1fdcc590b18cbd	NW410	420	node_monotonic_same_invocation	719538612108	ns	db7517d89754	native_action	8	completed
c5-timing-event-v1	C5	native	measured	dynamic-html-derived-v1	233	1	b28a1fdcc590418c8a1fdcc590b18cbd	N410	430	node_monotonic_same_invocation	719538618822	ns	db7517d89754	native_action	8	completed
c5-timing-event-v1	C5	native	measured	dynamic-html-derived-v1	234	1	f4b6b4b7617546c8b6b4b7617566c892	N400	400	node_monotonic_same_invocation	719572371866	ns	db7517d89754	native_action	8	started
c5-timing-event-v1	C5	native	measured	dynamic-html-derived-v1	234	1	f4b6b4b7617546c8b6b4b7617566c892	NW400	410	node_monotonic_same_invocation	719572379005	ns	db7517d89754	native_action	8	started
c5-timing-event-v1	C5	native	measured	dynamic-html-derived-v1	234	1	f4b6b4b7617546c8b6b4b7617566c892	NW410	420	node_monotonic_same_invocation	719583513745	ns	db7517d89754	native_action	8	completed
c5-timing-event-v1	C5	native	measured	dynamic-html-derived-v1	234	1	f4b6b4b7617546c8b6b4b7617566c892	N410	430	node_monotonic_same_invocation	719583521159	ns	db7517d89754	native_action	8	completed
c5-timing-event-v1	C5	native	measured	dynamic-html-derived-v1	235	1	30fa93e325b54337ba93e325b5b337e0	N400	400	node_monotonic_same_invocation	719615688685	ns	db7517d89754	native_action	8	started
c5-timing-event-v1	C5	native	measured	dynamic-html-derived-v1	235	1	30fa93e325b54337ba93e325b5b337e0	NW400	410	node_monotonic_same_invocation	719615694369	ns	db7517d89754	native_action	8	started
c5-timing-event-v1	C5	native	measured	dynamic-html-derived-v1	235	1	30fa93e325b54337ba93e325b5b337e0	NW410	420	node_monotonic_same_invocation	719625053231	ns	db7517d89754	native_action	8	completed
c5-timing-event-v1	C5	native	measured	dynamic-html-derived-v1	235	1	30fa93e325b54337ba93e325b5b337e0	N410	430	node_monotonic_same_invocation	719625060233	ns	db7517d89754	native_action	8	completed
c5-timing-event-v1	C5	native	measured	dynamic-html-derived-v1	236	1	7129058534064411a90585340634117e	N400	400	node_monotonic_same_invocation	719659782223	ns	db7517d89754	native_action	8	started
c5-timing-event-v1	C5	native	measured	dynamic-html-derived-v1	236	1	7129058534064411a90585340634117e	NW400	410	node_monotonic_same_invocation	719659789204	ns	db7517d89754	native_action	8	started
c5-timing-event-v1	C5	native	measured	dynamic-html-derived-v1	236	1	7129058534064411a90585340634117e	NW410	420	node_monotonic_same_invocation	719669912445	ns	db7517d89754	native_action	8	completed
c5-timing-event-v1	C5	native	measured	dynamic-html-derived-v1	236	1	7129058534064411a90585340634117e	N410	430	node_monotonic_same_invocation	719669919586	ns	db7517d89754	native_action	8	completed
c5-timing-event-v1	C5	native	measured	dynamic-html-derived-v1	237	1	a81aadb33f9b43379aadb33f9b83371c	N400	400	node_monotonic_same_invocation	719727453276	ns	db7517d89754	native_action	8	started
c5-timing-event-v1	C5	native	measured	dynamic-html-derived-v1	237	1	a81aadb33f9b43379aadb33f9b83371c	NW400	410	node_monotonic_same_invocation	719727459032	ns	db7517d89754	native_action	8	started
c5-timing-event-v1	C5	native	measured	dynamic-html-derived-v1	237	1	a81aadb33f9b43379aadb33f9b83371c	NW410	420	node_monotonic_same_invocation	719736948400	ns	db7517d89754	native_action	8	completed
c5-timing-event-v1	C5	native	measured	dynamic-html-derived-v1	237	1	a81aadb33f9b43379aadb33f9b83371c	N410	430	node_monotonic_same_invocation	719736955547	ns	db7517d89754	native_action	8	completed
c5-timing-event-v1	C5	native	measured	dynamic-html-derived-v1	238	1	256ae89f882b4f07aae89f882baf07f1	N400	400	node_monotonic_same_invocation	716690877991	ns	412815d5a6fc	native_action	8	started
c5-timing-event-v1	C5	native	measured	dynamic-html-derived-v1	238	1	256ae89f882b4f07aae89f882baf07f1	NW400	410	node_monotonic_same_invocation	716690890510	ns	412815d5a6fc	native_action	8	started
c5-timing-event-v1	C5	native	measured	dynamic-html-derived-v1	238	1	256ae89f882b4f07aae89f882baf07f1	NW410	420	node_monotonic_same_invocation	716700554593	ns	412815d5a6fc	native_action	8	completed
c5-timing-event-v1	C5	native	measured	dynamic-html-derived-v1	238	1	256ae89f882b4f07aae89f882baf07f1	N410	430	node_monotonic_same_invocation	716700567277	ns	412815d5a6fc	native_action	8	completed
c5-timing-event-v1	C5	native	measured	dynamic-html-derived-v1	239	1	7804694954ba4fcb84694954ba0fcbb3	N400	400	node_monotonic_same_invocation	719825655882	ns	db7517d89754	native_action	8	started
c5-timing-event-v1	C5	native	measured	dynamic-html-derived-v1	239	1	7804694954ba4fcb84694954ba0fcbb3	NW400	410	node_monotonic_same_invocation	719825663141	ns	db7517d89754	native_action	8	started
c5-timing-event-v1	C5	native	measured	dynamic-html-derived-v1	239	1	7804694954ba4fcb84694954ba0fcbb3	NW410	420	node_monotonic_same_invocation	719838409118	ns	db7517d89754	native_action	8	completed
c5-timing-event-v1	C5	native	measured	dynamic-html-derived-v1	239	1	7804694954ba4fcb84694954ba0fcbb3	N410	430	node_monotonic_same_invocation	719838416381	ns	db7517d89754	native_action	8	completed
c5-timing-event-v1	C5	native	measured	dynamic-html-derived-v1	240	1	86ac6e522d854608ac6e522d856608b6	N400	400	node_monotonic_same_invocation	719859087290	ns	db7517d89754	native_action	8	started
c5-timing-event-v1	C5	native	measured	dynamic-html-derived-v1	240	1	86ac6e522d854608ac6e522d856608b6	NW400	410	node_monotonic_same_invocation	719859093275	ns	db7517d89754	native_action	8	started
c5-timing-event-v1	C5	native	measured	dynamic-html-derived-v1	240	1	86ac6e522d854608ac6e522d856608b6	NW410	420	node_monotonic_same_invocation	719868396471	ns	db7517d89754	native_action	8	completed
c5-timing-event-v1	C5	native	measured	dynamic-html-derived-v1	240	1	86ac6e522d854608ac6e522d856608b6	N410	430	node_monotonic_same_invocation	719868402960	ns	db7517d89754	native_action	8	completed
c5-timing-event-v1	C5	native	measured	dynamic-html-derived-v1	241	1	08252b5ba7fb4465a52b5ba7fb646586	N400	400	node_monotonic_same_invocation	719934007206	ns	db7517d89754	native_action	8	started
c5-timing-event-v1	C5	native	measured	dynamic-html-derived-v1	241	1	08252b5ba7fb4465a52b5ba7fb646586	NW400	410	node_monotonic_same_invocation	719934014648	ns	db7517d89754	native_action	8	started
c5-timing-event-v1	C5	native	measured	dynamic-html-derived-v1	241	1	08252b5ba7fb4465a52b5ba7fb646586	NW410	420	node_monotonic_same_invocation	719943591445	ns	db7517d89754	native_action	8	completed
c5-timing-event-v1	C5	native	measured	dynamic-html-derived-v1	241	1	08252b5ba7fb4465a52b5ba7fb646586	N410	430	node_monotonic_same_invocation	719943598166	ns	db7517d89754	native_action	8	completed
c5-timing-event-v1	C5	native	measured	dynamic-html-derived-v1	242	1	495b83aa596b49789b83aa596b9978a0	N400	400	node_monotonic_same_invocation	719974437514	ns	db7517d89754	native_action	8	started
c5-timing-event-v1	C5	native	measured	dynamic-html-derived-v1	242	1	495b83aa596b49789b83aa596b9978a0	NW400	410	node_monotonic_same_invocation	719974444297	ns	db7517d89754	native_action	8	started
c5-timing-event-v1	C5	native	measured	dynamic-html-derived-v1	242	1	495b83aa596b49789b83aa596b9978a0	NW410	420	node_monotonic_same_invocation	719983911401	ns	db7517d89754	native_action	8	completed
c5-timing-event-v1	C5	native	measured	dynamic-html-derived-v1	242	1	495b83aa596b49789b83aa596b9978a0	N410	430	node_monotonic_same_invocation	719983917713	ns	db7517d89754	native_action	8	completed
c5-timing-event-v1	C5	native	measured	dynamic-html-derived-v1	243	1	b12b5683510644cbab5683510614cba3	N400	400	node_monotonic_same_invocation	720037413247	ns	db7517d89754	native_action	8	started
c5-timing-event-v1	C5	native	measured	dynamic-html-derived-v1	243	1	b12b5683510644cbab5683510614cba3	NW400	410	node_monotonic_same_invocation	720037420034	ns	db7517d89754	native_action	8	started
c5-timing-event-v1	C5	native	measured	dynamic-html-derived-v1	243	1	b12b5683510644cbab5683510614cba3	NW410	420	node_monotonic_same_invocation	720047808500	ns	db7517d89754	native_action	8	completed
c5-timing-event-v1	C5	native	measured	dynamic-html-derived-v1	243	1	b12b5683510644cbab5683510614cba3	N410	430	node_monotonic_same_invocation	720047815277	ns	db7517d89754	native_action	8	completed
c5-timing-event-v1	C5	native	measured	dynamic-html-derived-v1	244	1	69e09a1ff0f24a64a09a1ff0f25a6475	N400	400	node_monotonic_same_invocation	720085189768	ns	db7517d89754	native_action	8	started
c5-timing-event-v1	C5	native	measured	dynamic-html-derived-v1	244	1	69e09a1ff0f24a64a09a1ff0f25a6475	NW400	410	node_monotonic_same_invocation	720085196990	ns	db7517d89754	native_action	8	started
c5-timing-event-v1	C5	native	measured	dynamic-html-derived-v1	244	1	69e09a1ff0f24a64a09a1ff0f25a6475	NW410	420	node_monotonic_same_invocation	720095346440	ns	db7517d89754	native_action	8	completed
c5-timing-event-v1	C5	native	measured	dynamic-html-derived-v1	244	1	69e09a1ff0f24a64a09a1ff0f25a6475	N410	430	node_monotonic_same_invocation	720095353095	ns	db7517d89754	native_action	8	completed
c5-timing-event-v1	C5	native	measured	dynamic-html-derived-v1	245	1	c6ea96590b4440ffaa96590b4490ffa2	N400	400	node_monotonic_same_invocation	720141195162	ns	db7517d89754	native_action	8	started
c5-timing-event-v1	C5	native	measured	dynamic-html-derived-v1	245	1	c6ea96590b4440ffaa96590b4490ffa2	NW400	410	node_monotonic_same_invocation	720141202545	ns	db7517d89754	native_action	8	started
c5-timing-event-v1	C5	native	measured	dynamic-html-derived-v1	245	1	c6ea96590b4440ffaa96590b4490ffa2	NW410	420	node_monotonic_same_invocation	720150929758	ns	db7517d89754	native_action	8	completed
c5-timing-event-v1	C5	native	measured	dynamic-html-derived-v1	245	1	c6ea96590b4440ffaa96590b4490ffa2	N410	430	node_monotonic_same_invocation	720150936672	ns	db7517d89754	native_action	8	completed
c5-timing-event-v1	C5	native	measured	dynamic-html-derived-v1	246	1	5ee2ac4bb18d4b3ca2ac4bb18d8b3c01	N400	400	node_monotonic_same_invocation	720191137263	ns	db7517d89754	native_action	8	started
c5-timing-event-v1	C5	native	measured	dynamic-html-derived-v1	246	1	5ee2ac4bb18d4b3ca2ac4bb18d8b3c01	NW400	410	node_monotonic_same_invocation	720191144937	ns	db7517d89754	native_action	8	started
c5-timing-event-v1	C5	native	measured	dynamic-html-derived-v1	246	1	5ee2ac4bb18d4b3ca2ac4bb18d8b3c01	NW410	420	node_monotonic_same_invocation	720200568267	ns	db7517d89754	native_action	8	completed
c5-timing-event-v1	C5	native	measured	dynamic-html-derived-v1	246	1	5ee2ac4bb18d4b3ca2ac4bb18d8b3c01	N410	430	node_monotonic_same_invocation	720200574578	ns	db7517d89754	native_action	8	completed
c5-timing-event-v1	C5	native	measured	dynamic-html-derived-v1	247	1	3c67d8d41d9845d5a7d8d41d9875d584	N400	400	node_monotonic_same_invocation	720245155052	ns	db7517d89754	native_action	8	started
c5-timing-event-v1	C5	native	measured	dynamic-html-derived-v1	247	1	3c67d8d41d9845d5a7d8d41d9875d584	NW400	410	node_monotonic_same_invocation	720245162103	ns	db7517d89754	native_action	8	started
c5-timing-event-v1	C5	native	measured	dynamic-html-derived-v1	247	1	3c67d8d41d9845d5a7d8d41d9875d584	NW410	420	node_monotonic_same_invocation	720254860979	ns	db7517d89754	native_action	8	completed
c5-timing-event-v1	C5	native	measured	dynamic-html-derived-v1	247	1	3c67d8d41d9845d5a7d8d41d9875d584	N410	430	node_monotonic_same_invocation	720254867496	ns	db7517d89754	native_action	8	completed
c5-timing-event-v1	C5	native	measured	dynamic-html-derived-v1	248	1	720a0af4e7c44b6d8a0af4e7c4cb6d3b	N400	400	node_monotonic_same_invocation	720299425861	ns	db7517d89754	native_action	8	started
c5-timing-event-v1	C5	native	measured	dynamic-html-derived-v1	248	1	720a0af4e7c44b6d8a0af4e7c4cb6d3b	NW400	410	node_monotonic_same_invocation	720299431833	ns	db7517d89754	native_action	8	started
c5-timing-event-v1	C5	native	measured	dynamic-html-derived-v1	248	1	720a0af4e7c44b6d8a0af4e7c4cb6d3b	NW410	420	node_monotonic_same_invocation	720310608194	ns	db7517d89754	native_action	8	completed
c5-timing-event-v1	C5	native	measured	dynamic-html-derived-v1	248	1	720a0af4e7c44b6d8a0af4e7c4cb6d3b	N410	430	node_monotonic_same_invocation	720310614974	ns	db7517d89754	native_action	8	completed
c5-timing-event-v1	C5	native	measured	dynamic-html-derived-v1	249	1	10a33ec0a804497aa33ec0a804b97af9	N400	400	node_monotonic_same_invocation	720369449599	ns	db7517d89754	native_action	8	started
c5-timing-event-v1	C5	native	measured	dynamic-html-derived-v1	249	1	10a33ec0a804497aa33ec0a804b97af9	NW400	410	node_monotonic_same_invocation	720369455315	ns	db7517d89754	native_action	8	started
c5-timing-event-v1	C5	native	measured	dynamic-html-derived-v1	249	1	10a33ec0a804497aa33ec0a804b97af9	NW410	420	node_monotonic_same_invocation	720378775315	ns	db7517d89754	native_action	8	completed
c5-timing-event-v1	C5	native	measured	dynamic-html-derived-v1	249	1	10a33ec0a804497aa33ec0a804b97af9	N410	430	node_monotonic_same_invocation	720378782022	ns	db7517d89754	native_action	8	completed
c5-timing-event-v1	C5	native	measured	dynamic-html-derived-v1	250	1	983584910ebc4761b584910ebc1761f6	N400	400	node_monotonic_same_invocation	720423082728	ns	db7517d89754	native_action	8	started
c5-timing-event-v1	C5	native	measured	dynamic-html-derived-v1	250	1	983584910ebc4761b584910ebc1761f6	NW400	410	node_monotonic_same_invocation	720423092564	ns	db7517d89754	native_action	8	started
c5-timing-event-v1	C5	native	measured	dynamic-html-derived-v1	250	1	983584910ebc4761b584910ebc1761f6	NW410	420	node_monotonic_same_invocation	720433725476	ns	db7517d89754	native_action	8	completed
c5-timing-event-v1	C5	native	measured	dynamic-html-derived-v1	250	1	983584910ebc4761b584910ebc1761f6	N410	430	node_monotonic_same_invocation	720433732616	ns	db7517d89754	native_action	8	completed
c5-timing-event-v1	C5	native	measured	dynamic-html-derived-v1	251	1	92136a4ef45049b3936a4ef45009b35e	N400	400	node_monotonic_same_invocation	720462016552	ns	db7517d89754	native_action	8	started
c5-timing-event-v1	C5	native	measured	dynamic-html-derived-v1	251	1	92136a4ef45049b3936a4ef45009b35e	NW400	410	node_monotonic_same_invocation	720462023651	ns	db7517d89754	native_action	8	started
c5-timing-event-v1	C5	native	measured	dynamic-html-derived-v1	251	1	92136a4ef45049b3936a4ef45009b35e	NW410	420	node_monotonic_same_invocation	720473329106	ns	db7517d89754	native_action	8	completed
c5-timing-event-v1	C5	native	measured	dynamic-html-derived-v1	251	1	92136a4ef45049b3936a4ef45009b35e	N410	430	node_monotonic_same_invocation	720473336407	ns	db7517d89754	native_action	8	completed
c5-timing-event-v1	C5	native	measured	dynamic-html-derived-v1	252	1	70f36d391bcc4277b36d391bcc4277a6	N400	400	node_monotonic_same_invocation	720532287423	ns	db7517d89754	native_action	8	started
c5-timing-event-v1	C5	native	measured	dynamic-html-derived-v1	252	1	70f36d391bcc4277b36d391bcc4277a6	NW400	410	node_monotonic_same_invocation	720532293253	ns	db7517d89754	native_action	8	started
c5-timing-event-v1	C5	native	measured	dynamic-html-derived-v1	252	1	70f36d391bcc4277b36d391bcc4277a6	NW410	420	node_monotonic_same_invocation	720550189197	ns	db7517d89754	native_action	8	completed
c5-timing-event-v1	C5	native	measured	dynamic-html-derived-v1	252	1	70f36d391bcc4277b36d391bcc4277a6	N410	430	node_monotonic_same_invocation	720550195870	ns	db7517d89754	native_action	8	completed
c5-timing-event-v1	C5	native	measured	dynamic-html-derived-v1	253	1	0410e1043fdd4fbe90e1043fddcfbe03	N400	400	node_monotonic_same_invocation	717507866933	ns	412815d5a6fc	native_action	8	started
c5-timing-event-v1	C5	native	measured	dynamic-html-derived-v1	253	1	0410e1043fdd4fbe90e1043fddcfbe03	NW400	410	node_monotonic_same_invocation	717507880290	ns	412815d5a6fc	native_action	8	started
c5-timing-event-v1	C5	native	measured	dynamic-html-derived-v1	253	1	0410e1043fdd4fbe90e1043fddcfbe03	NW410	420	node_monotonic_same_invocation	717517501886	ns	412815d5a6fc	native_action	8	completed
c5-timing-event-v1	C5	native	measured	dynamic-html-derived-v1	253	1	0410e1043fdd4fbe90e1043fddcfbe03	N410	430	node_monotonic_same_invocation	717517512799	ns	412815d5a6fc	native_action	8	completed
c5-timing-event-v1	C5	native	measured	dynamic-html-derived-v1	254	1	cfeff011096c41b9aff011096c11b90f	N400	400	node_monotonic_same_invocation	720619539438	ns	db7517d89754	native_action	8	started
c5-timing-event-v1	C5	native	measured	dynamic-html-derived-v1	254	1	cfeff011096c41b9aff011096c11b90f	NW400	410	node_monotonic_same_invocation	720619545281	ns	db7517d89754	native_action	8	started
c5-timing-event-v1	C5	native	measured	dynamic-html-derived-v1	254	1	cfeff011096c41b9aff011096c11b90f	NW410	420	node_monotonic_same_invocation	720628967757	ns	db7517d89754	native_action	8	completed
c5-timing-event-v1	C5	native	measured	dynamic-html-derived-v1	254	1	cfeff011096c41b9aff011096c11b90f	N410	430	node_monotonic_same_invocation	720628980988	ns	db7517d89754	native_action	8	completed
c5-timing-event-v1	C5	native	measured	dynamic-html-derived-v1	255	1	3eb8ef73299244f9b8ef73299244f969	N400	400	node_monotonic_same_invocation	720656653948	ns	db7517d89754	native_action	8	started
c5-timing-event-v1	C5	native	measured	dynamic-html-derived-v1	255	1	3eb8ef73299244f9b8ef73299244f969	NW400	410	node_monotonic_same_invocation	720656662180	ns	db7517d89754	native_action	8	started
c5-timing-event-v1	C5	native	measured	dynamic-html-derived-v1	255	1	3eb8ef73299244f9b8ef73299244f969	NW410	420	node_monotonic_same_invocation	720669813142	ns	db7517d89754	native_action	8	completed
c5-timing-event-v1	C5	native	measured	dynamic-html-derived-v1	255	1	3eb8ef73299244f9b8ef73299244f969	N410	430	node_monotonic_same_invocation	720669821383	ns	db7517d89754	native_action	8	completed
c5-timing-event-v1	C5	native	measured	dynamic-html-derived-v1	256	1	0675c7017a234511b5c7017a2385114f	N400	400	node_monotonic_same_invocation	717618422208	ns	412815d5a6fc	native_action	8	started
c5-timing-event-v1	C5	native	measured	dynamic-html-derived-v1	256	1	0675c7017a234511b5c7017a2385114f	NW400	410	node_monotonic_same_invocation	717618434464	ns	412815d5a6fc	native_action	8	started
c5-timing-event-v1	C5	native	measured	dynamic-html-derived-v1	256	1	0675c7017a234511b5c7017a2385114f	NW410	420	node_monotonic_same_invocation	717628154301	ns	412815d5a6fc	native_action	8	completed
c5-timing-event-v1	C5	native	measured	dynamic-html-derived-v1	256	1	0675c7017a234511b5c7017a2385114f	N410	430	node_monotonic_same_invocation	717628167359	ns	412815d5a6fc	native_action	8	completed
c5-timing-event-v1	C5	native	measured	dynamic-html-derived-v1	257	1	55541899c2f44879941899c2f4087955	N400	400	node_monotonic_same_invocation	720744991984	ns	db7517d89754	native_action	8	started
c5-timing-event-v1	C5	native	measured	dynamic-html-derived-v1	257	1	55541899c2f44879941899c2f4087955	NW400	410	node_monotonic_same_invocation	720744997774	ns	db7517d89754	native_action	8	started
c5-timing-event-v1	C5	native	measured	dynamic-html-derived-v1	257	1	55541899c2f44879941899c2f4087955	NW410	420	node_monotonic_same_invocation	720754605680	ns	db7517d89754	native_action	8	completed
c5-timing-event-v1	C5	native	measured	dynamic-html-derived-v1	257	1	55541899c2f44879941899c2f4087955	N410	430	node_monotonic_same_invocation	720754613600	ns	db7517d89754	native_action	8	completed
c5-timing-event-v1	C5	native	measured	dynamic-html-derived-v1	258	1	7b023d2dd1a449f6823d2dd1a499f651	N400	400	node_monotonic_same_invocation	720806819480	ns	db7517d89754	native_action	8	started
c5-timing-event-v1	C5	native	measured	dynamic-html-derived-v1	258	1	7b023d2dd1a449f6823d2dd1a499f651	NW400	410	node_monotonic_same_invocation	720806825392	ns	db7517d89754	native_action	8	started
c5-timing-event-v1	C5	native	measured	dynamic-html-derived-v1	258	1	7b023d2dd1a449f6823d2dd1a499f651	NW410	420	node_monotonic_same_invocation	720816131056	ns	db7517d89754	native_action	8	completed
c5-timing-event-v1	C5	native	measured	dynamic-html-derived-v1	258	1	7b023d2dd1a449f6823d2dd1a499f651	N410	430	node_monotonic_same_invocation	720816137605	ns	db7517d89754	native_action	8	completed
c5-timing-event-v1	C5	native	measured	dynamic-html-derived-v1	259	1	5c364d48e9924400b64d48e992d400ef	N400	400	node_monotonic_same_invocation	717791384783	ns	412815d5a6fc	native_action	8	started
c5-timing-event-v1	C5	native	measured	dynamic-html-derived-v1	259	1	5c364d48e9924400b64d48e992d400ef	NW400	410	node_monotonic_same_invocation	717791399505	ns	412815d5a6fc	native_action	8	started
c5-timing-event-v1	C5	native	measured	dynamic-html-derived-v1	259	1	5c364d48e9924400b64d48e992d400ef	NW410	420	node_monotonic_same_invocation	717801590149	ns	412815d5a6fc	native_action	8	completed
c5-timing-event-v1	C5	native	measured	dynamic-html-derived-v1	259	1	5c364d48e9924400b64d48e992d400ef	N410	430	node_monotonic_same_invocation	717801602501	ns	412815d5a6fc	native_action	8	completed
c5-timing-event-v1	C5	native	measured	dynamic-html-derived-v1	260	1	87025dc4d5094d89825dc4d5093d89db	N400	400	node_monotonic_same_invocation	720883626869	ns	db7517d89754	native_action	8	started
c5-timing-event-v1	C5	native	measured	dynamic-html-derived-v1	260	1	87025dc4d5094d89825dc4d5093d89db	NW400	410	node_monotonic_same_invocation	720883633912	ns	db7517d89754	native_action	8	started
c5-timing-event-v1	C5	native	measured	dynamic-html-derived-v1	260	1	87025dc4d5094d89825dc4d5093d89db	NW410	420	node_monotonic_same_invocation	720897732615	ns	db7517d89754	native_action	8	completed
c5-timing-event-v1	C5	native	measured	dynamic-html-derived-v1	260	1	87025dc4d5094d89825dc4d5093d89db	N410	430	node_monotonic_same_invocation	720897739265	ns	db7517d89754	native_action	8	completed
c5-timing-event-v1	C5	native	measured	dynamic-html-derived-v1	261	1	273e9be1450b4f8ebe9be1450b9f8e24	N400	400	node_monotonic_same_invocation	717900803798	ns	412815d5a6fc	native_action	8	started
c5-timing-event-v1	C5	native	measured	dynamic-html-derived-v1	261	1	273e9be1450b4f8ebe9be1450b9f8e24	NW400	410	node_monotonic_same_invocation	717900816041	ns	412815d5a6fc	native_action	8	started
c5-timing-event-v1	C5	native	measured	dynamic-html-derived-v1	261	1	273e9be1450b4f8ebe9be1450b9f8e24	NW410	420	node_monotonic_same_invocation	717910860027	ns	412815d5a6fc	native_action	8	completed
c5-timing-event-v1	C5	native	measured	dynamic-html-derived-v1	261	1	273e9be1450b4f8ebe9be1450b9f8e24	N410	430	node_monotonic_same_invocation	717910872756	ns	412815d5a6fc	native_action	8	completed
c5-timing-event-v1	C5	native	measured	dynamic-html-derived-v1	262	1	e49211608f7749019211608f77490116	N400	400	node_monotonic_same_invocation	720922534237	ns	db7517d89754	native_action	8	started
c5-timing-event-v1	C5	native	measured	dynamic-html-derived-v1	262	1	e49211608f7749019211608f77490116	NW400	410	node_monotonic_same_invocation	720922539991	ns	db7517d89754	native_action	8	started
c5-timing-event-v1	C5	native	measured	dynamic-html-derived-v1	262	1	e49211608f7749019211608f77490116	NW410	420	node_monotonic_same_invocation	720931954885	ns	db7517d89754	native_action	8	completed
c5-timing-event-v1	C5	native	measured	dynamic-html-derived-v1	262	1	e49211608f7749019211608f77490116	N410	430	node_monotonic_same_invocation	720931975307	ns	db7517d89754	native_action	8	completed
c5-timing-event-v1	C5	native	measured	dynamic-html-derived-v1	263	1	dbae85b2fb234670ae85b2fb23e67086	N400	400	node_monotonic_same_invocation	721005420283	ns	db7517d89754	native_action	8	started
c5-timing-event-v1	C5	native	measured	dynamic-html-derived-v1	263	1	dbae85b2fb234670ae85b2fb23e67086	NW400	410	node_monotonic_same_invocation	721005425845	ns	db7517d89754	native_action	8	started
c5-timing-event-v1	C5	native	measured	dynamic-html-derived-v1	263	1	dbae85b2fb234670ae85b2fb23e67086	NW410	420	node_monotonic_same_invocation	721014805475	ns	db7517d89754	native_action	8	completed
c5-timing-event-v1	C5	native	measured	dynamic-html-derived-v1	263	1	dbae85b2fb234670ae85b2fb23e67086	N410	430	node_monotonic_same_invocation	721014811837	ns	db7517d89754	native_action	8	completed
c5-timing-event-v1	C5	native	measured	dynamic-html-derived-v1	264	1	08ae22a077794b99ae22a07779db9940	N400	400	node_monotonic_same_invocation	721060684202	ns	db7517d89754	native_action	8	started
c5-timing-event-v1	C5	native	measured	dynamic-html-derived-v1	264	1	08ae22a077794b99ae22a07779db9940	NW400	410	node_monotonic_same_invocation	721060689814	ns	db7517d89754	native_action	8	started
c5-timing-event-v1	C5	native	measured	dynamic-html-derived-v1	264	1	08ae22a077794b99ae22a07779db9940	NW410	420	node_monotonic_same_invocation	721070055736	ns	db7517d89754	native_action	8	completed
c5-timing-event-v1	C5	native	measured	dynamic-html-derived-v1	264	1	08ae22a077794b99ae22a07779db9940	N410	430	node_monotonic_same_invocation	721070062297	ns	db7517d89754	native_action	8	completed
c5-timing-event-v1	C5	native	measured	dynamic-html-derived-v1	265	1	e58d6e2a5370409e8d6e2a5370d09e12	N400	400	node_monotonic_same_invocation	721111811465	ns	db7517d89754	native_action	8	started
c5-timing-event-v1	C5	native	measured	dynamic-html-derived-v1	265	1	e58d6e2a5370409e8d6e2a5370d09e12	NW400	410	node_monotonic_same_invocation	721111816984	ns	db7517d89754	native_action	8	started
c5-timing-event-v1	C5	native	measured	dynamic-html-derived-v1	265	1	e58d6e2a5370409e8d6e2a5370d09e12	NW410	420	node_monotonic_same_invocation	721121272124	ns	db7517d89754	native_action	8	completed
c5-timing-event-v1	C5	native	measured	dynamic-html-derived-v1	265	1	e58d6e2a5370409e8d6e2a5370d09e12	N410	430	node_monotonic_same_invocation	721121278335	ns	db7517d89754	native_action	8	completed
c5-timing-event-v1	C5	native	measured	dynamic-html-derived-v1	266	1	c07b4d825e084de6bb4d825e083de65f	N400	400	node_monotonic_same_invocation	721161151120	ns	db7517d89754	native_action	8	started
c5-timing-event-v1	C5	native	measured	dynamic-html-derived-v1	266	1	c07b4d825e084de6bb4d825e083de65f	NW400	410	node_monotonic_same_invocation	721161158174	ns	db7517d89754	native_action	8	started
c5-timing-event-v1	C5	native	measured	dynamic-html-derived-v1	266	1	c07b4d825e084de6bb4d825e083de65f	NW410	420	node_monotonic_same_invocation	721171091447	ns	db7517d89754	native_action	8	completed
c5-timing-event-v1	C5	native	measured	dynamic-html-derived-v1	266	1	c07b4d825e084de6bb4d825e083de65f	N410	430	node_monotonic_same_invocation	721171098490	ns	db7517d89754	native_action	8	completed
c5-timing-event-v1	C5	native	measured	dynamic-html-derived-v1	267	1	5df72df5263b4c44b72df5263bfc44f7	N400	400	node_monotonic_same_invocation	718179723448	ns	412815d5a6fc	native_action	8	started
c5-timing-event-v1	C5	native	measured	dynamic-html-derived-v1	267	1	5df72df5263b4c44b72df5263bfc44f7	NW400	410	node_monotonic_same_invocation	718179739233	ns	412815d5a6fc	native_action	8	started
c5-timing-event-v1	C5	native	measured	dynamic-html-derived-v1	267	1	5df72df5263b4c44b72df5263bfc44f7	NW410	420	node_monotonic_same_invocation	718189748768	ns	412815d5a6fc	native_action	8	completed
c5-timing-event-v1	C5	native	measured	dynamic-html-derived-v1	267	1	5df72df5263b4c44b72df5263bfc44f7	N410	430	node_monotonic_same_invocation	718189760447	ns	412815d5a6fc	native_action	8	completed
c5-timing-event-v1	C5	native	measured	dynamic-html-derived-v1	268	1	8a35ad5356144148b5ad53561441487a	N400	400	node_monotonic_same_invocation	721225598777	ns	db7517d89754	native_action	8	started
c5-timing-event-v1	C5	native	measured	dynamic-html-derived-v1	268	1	8a35ad5356144148b5ad53561441487a	NW400	410	node_monotonic_same_invocation	721225604608	ns	db7517d89754	native_action	8	started
c5-timing-event-v1	C5	native	measured	dynamic-html-derived-v1	268	1	8a35ad5356144148b5ad53561441487a	NW410	420	node_monotonic_same_invocation	721235197514	ns	db7517d89754	native_action	8	completed
c5-timing-event-v1	C5	native	measured	dynamic-html-derived-v1	268	1	8a35ad5356144148b5ad53561441487a	N410	430	node_monotonic_same_invocation	721235205190	ns	db7517d89754	native_action	8	completed
c5-timing-event-v1	C5	native	measured	dynamic-html-derived-v1	269	1	ecf6500bf0044df7b6500bf0047df7ec	N400	400	node_monotonic_same_invocation	721257747501	ns	db7517d89754	native_action	8	started
c5-timing-event-v1	C5	native	measured	dynamic-html-derived-v1	269	1	ecf6500bf0044df7b6500bf0047df7ec	NW400	410	node_monotonic_same_invocation	721257753520	ns	db7517d89754	native_action	8	started
c5-timing-event-v1	C5	native	measured	dynamic-html-derived-v1	269	1	ecf6500bf0044df7b6500bf0047df7ec	NW410	420	node_monotonic_same_invocation	721268858339	ns	db7517d89754	native_action	8	completed
c5-timing-event-v1	C5	native	measured	dynamic-html-derived-v1	269	1	ecf6500bf0044df7b6500bf0047df7ec	N410	430	node_monotonic_same_invocation	721268865506	ns	db7517d89754	native_action	8	completed
c5-timing-event-v1	C5	native	measured	dynamic-html-derived-v1	270	1	8ee113c5d6704b50a113c5d6702b5064	N400	400	node_monotonic_same_invocation	721347682043	ns	db7517d89754	native_action	8	started
c5-timing-event-v1	C5	native	measured	dynamic-html-derived-v1	270	1	8ee113c5d6704b50a113c5d6702b5064	NW400	410	node_monotonic_same_invocation	721347688157	ns	db7517d89754	native_action	8	started
c5-timing-event-v1	C5	native	measured	dynamic-html-derived-v1	270	1	8ee113c5d6704b50a113c5d6702b5064	NW410	420	node_monotonic_same_invocation	721357279822	ns	db7517d89754	native_action	8	completed
c5-timing-event-v1	C5	native	measured	dynamic-html-derived-v1	270	1	8ee113c5d6704b50a113c5d6702b5064	N410	430	node_monotonic_same_invocation	721357286770	ns	db7517d89754	native_action	8	completed
c5-timing-event-v1	C5	native	measured	dynamic-html-derived-v1	271	1	702c63a3182a480aac63a3182af80aba	N400	400	node_monotonic_same_invocation	721371177862	ns	db7517d89754	native_action	8	started
c5-timing-event-v1	C5	native	measured	dynamic-html-derived-v1	271	1	702c63a3182a480aac63a3182af80aba	NW400	410	node_monotonic_same_invocation	721371185366	ns	db7517d89754	native_action	8	started
c5-timing-event-v1	C5	native	measured	dynamic-html-derived-v1	271	1	702c63a3182a480aac63a3182af80aba	NW410	420	node_monotonic_same_invocation	721392781006	ns	db7517d89754	native_action	8	completed
c5-timing-event-v1	C5	native	measured	dynamic-html-derived-v1	271	1	702c63a3182a480aac63a3182af80aba	N410	430	node_monotonic_same_invocation	721392788050	ns	db7517d89754	native_action	8	completed
c5-timing-event-v1	C5	native	measured	dynamic-html-derived-v1	272	1	be232d2cd7964019a32d2cd796b0193a	N400	400	node_monotonic_same_invocation	718411693893	ns	412815d5a6fc	native_action	8	started
c5-timing-event-v1	C5	native	measured	dynamic-html-derived-v1	272	1	be232d2cd7964019a32d2cd796b0193a	NW400	410	node_monotonic_same_invocation	718411709224	ns	412815d5a6fc	native_action	8	started
c5-timing-event-v1	C5	native	measured	dynamic-html-derived-v1	272	1	be232d2cd7964019a32d2cd796b0193a	NW410	420	node_monotonic_same_invocation	718422300109	ns	412815d5a6fc	native_action	8	completed
c5-timing-event-v1	C5	native	measured	dynamic-html-derived-v1	272	1	be232d2cd7964019a32d2cd796b0193a	N410	430	node_monotonic_same_invocation	718422313257	ns	412815d5a6fc	native_action	8	completed
c5-timing-event-v1	C5	native	measured	dynamic-html-derived-v1	273	1	ea6812038c074c12a812038c072c12e3	N400	400	node_monotonic_same_invocation	721440894813	ns	db7517d89754	native_action	8	started
c5-timing-event-v1	C5	native	measured	dynamic-html-derived-v1	273	1	ea6812038c074c12a812038c072c12e3	NW400	410	node_monotonic_same_invocation	721440901967	ns	db7517d89754	native_action	8	started
c5-timing-event-v1	C5	native	measured	dynamic-html-derived-v1	273	1	ea6812038c074c12a812038c072c12e3	NW410	420	node_monotonic_same_invocation	721458204074	ns	db7517d89754	native_action	8	completed
c5-timing-event-v1	C5	native	measured	dynamic-html-derived-v1	273	1	ea6812038c074c12a812038c072c12e3	N410	430	node_monotonic_same_invocation	721458211903	ns	db7517d89754	native_action	8	completed
c5-timing-event-v1	C5	native	measured	dynamic-html-derived-v1	274	1	cd7888d4d2914994b888d4d291f99414	N400	400	node_monotonic_same_invocation	721541702196	ns	db7517d89754	native_action	8	started
c5-timing-event-v1	C5	native	measured	dynamic-html-derived-v1	274	1	cd7888d4d2914994b888d4d291f99414	NW400	410	node_monotonic_same_invocation	721541709528	ns	db7517d89754	native_action	8	started
c5-timing-event-v1	C5	native	measured	dynamic-html-derived-v1	274	1	cd7888d4d2914994b888d4d291f99414	NW410	420	node_monotonic_same_invocation	721551192813	ns	db7517d89754	native_action	8	completed
c5-timing-event-v1	C5	native	measured	dynamic-html-derived-v1	274	1	cd7888d4d2914994b888d4d291f99414	N410	430	node_monotonic_same_invocation	721551199700	ns	db7517d89754	native_action	8	completed
c5-timing-event-v1	C5	native	measured	dynamic-html-derived-v1	275	1	a5a5f3fb18fd48b2a5f3fb18fd88b240	N400	400	node_monotonic_same_invocation	721602835035	ns	db7517d89754	native_action	8	started
c5-timing-event-v1	C5	native	measured	dynamic-html-derived-v1	275	1	a5a5f3fb18fd48b2a5f3fb18fd88b240	NW400	410	node_monotonic_same_invocation	721602841894	ns	db7517d89754	native_action	8	started
c5-timing-event-v1	C5	native	measured	dynamic-html-derived-v1	275	1	a5a5f3fb18fd48b2a5f3fb18fd88b240	NW410	420	node_monotonic_same_invocation	721612253117	ns	db7517d89754	native_action	8	completed
c5-timing-event-v1	C5	native	measured	dynamic-html-derived-v1	275	1	a5a5f3fb18fd48b2a5f3fb18fd88b240	N410	430	node_monotonic_same_invocation	721612260441	ns	db7517d89754	native_action	8	completed
c5-timing-event-v1	C5	native	measured	dynamic-html-derived-v1	276	1	9c7a4251cab0415eba4251cab0415e1b	N400	400	node_monotonic_same_invocation	721672354633	ns	db7517d89754	native_action	8	started
c5-timing-event-v1	C5	native	measured	dynamic-html-derived-v1	276	1	9c7a4251cab0415eba4251cab0415e1b	NW400	410	node_monotonic_same_invocation	721672361514	ns	db7517d89754	native_action	8	started
c5-timing-event-v1	C5	native	measured	dynamic-html-derived-v1	276	1	9c7a4251cab0415eba4251cab0415e1b	NW410	420	node_monotonic_same_invocation	721682347883	ns	db7517d89754	native_action	8	completed
c5-timing-event-v1	C5	native	measured	dynamic-html-derived-v1	276	1	9c7a4251cab0415eba4251cab0415e1b	N410	430	node_monotonic_same_invocation	721682354696	ns	db7517d89754	native_action	8	completed
c5-timing-event-v1	C5	native	measured	dynamic-html-derived-v1	277	1	7be7f3fc4d714e4da7f3fc4d71ce4daf	N400	400	node_monotonic_same_invocation	721733916494	ns	db7517d89754	native_action	8	started
c5-timing-event-v1	C5	native	measured	dynamic-html-derived-v1	277	1	7be7f3fc4d714e4da7f3fc4d71ce4daf	NW400	410	node_monotonic_same_invocation	721733922136	ns	db7517d89754	native_action	8	started
c5-timing-event-v1	C5	native	measured	dynamic-html-derived-v1	277	1	7be7f3fc4d714e4da7f3fc4d71ce4daf	NW410	420	node_monotonic_same_invocation	721743235131	ns	db7517d89754	native_action	8	completed
c5-timing-event-v1	C5	native	measured	dynamic-html-derived-v1	277	1	7be7f3fc4d714e4da7f3fc4d71ce4daf	N410	430	node_monotonic_same_invocation	721743241773	ns	db7517d89754	native_action	8	completed
c5-timing-event-v1	C5	native	measured	dynamic-html-derived-v1	278	1	bffb6f0b7c514c00bb6f0b7c515c001b	N400	400	node_monotonic_same_invocation	718693990684	ns	412815d5a6fc	native_action	8	started
c5-timing-event-v1	C5	native	measured	dynamic-html-derived-v1	278	1	bffb6f0b7c514c00bb6f0b7c515c001b	NW400	410	node_monotonic_same_invocation	718694003589	ns	412815d5a6fc	native_action	8	started
c5-timing-event-v1	C5	native	measured	dynamic-html-derived-v1	278	1	bffb6f0b7c514c00bb6f0b7c515c001b	NW410	420	node_monotonic_same_invocation	718703716616	ns	412815d5a6fc	native_action	8	completed
c5-timing-event-v1	C5	native	measured	dynamic-html-derived-v1	278	1	bffb6f0b7c514c00bb6f0b7c515c001b	N410	430	node_monotonic_same_invocation	718703727984	ns	412815d5a6fc	native_action	8	completed
c5-timing-event-v1	C5	native	measured	dynamic-html-derived-v1	279	1	9d7af95103984ad3baf95103980ad382	N400	400	node_monotonic_same_invocation	721797211718	ns	db7517d89754	native_action	8	started
c5-timing-event-v1	C5	native	measured	dynamic-html-derived-v1	279	1	9d7af95103984ad3baf95103980ad382	NW400	410	node_monotonic_same_invocation	721797217540	ns	db7517d89754	native_action	8	started
c5-timing-event-v1	C5	native	measured	dynamic-html-derived-v1	279	1	9d7af95103984ad3baf95103980ad382	NW410	420	node_monotonic_same_invocation	721806541309	ns	db7517d89754	native_action	8	completed
c5-timing-event-v1	C5	native	measured	dynamic-html-derived-v1	279	1	9d7af95103984ad3baf95103980ad382	N410	430	node_monotonic_same_invocation	721806548106	ns	db7517d89754	native_action	8	completed
c5-timing-event-v1	C5	native	measured	dynamic-html-derived-v1	280	1	00d612125d8a4d9e9612125d8a8d9e9d	N400	400	node_monotonic_same_invocation	721854686538	ns	db7517d89754	native_action	8	started
c5-timing-event-v1	C5	native	measured	dynamic-html-derived-v1	280	1	00d612125d8a4d9e9612125d8a8d9e9d	NW400	410	node_monotonic_same_invocation	721854692241	ns	db7517d89754	native_action	8	started
c5-timing-event-v1	C5	native	measured	dynamic-html-derived-v1	280	1	00d612125d8a4d9e9612125d8a8d9e9d	NW410	420	node_monotonic_same_invocation	721863959020	ns	db7517d89754	native_action	8	completed
c5-timing-event-v1	C5	native	measured	dynamic-html-derived-v1	280	1	00d612125d8a4d9e9612125d8a8d9e9d	N410	430	node_monotonic_same_invocation	721863965854	ns	db7517d89754	native_action	8	completed
c5-timing-event-v1	C5	native	measured	dynamic-html-derived-v1	281	1	893f7fdb52f84a35bf7fdb52f84a35c3	N400	400	node_monotonic_same_invocation	721909413959	ns	db7517d89754	native_action	8	started
c5-timing-event-v1	C5	native	measured	dynamic-html-derived-v1	281	1	893f7fdb52f84a35bf7fdb52f84a35c3	NW400	410	node_monotonic_same_invocation	721909420415	ns	db7517d89754	native_action	8	started
c5-timing-event-v1	C5	native	measured	dynamic-html-derived-v1	281	1	893f7fdb52f84a35bf7fdb52f84a35c3	NW410	420	node_monotonic_same_invocation	721918743391	ns	db7517d89754	native_action	8	completed
c5-timing-event-v1	C5	native	measured	dynamic-html-derived-v1	281	1	893f7fdb52f84a35bf7fdb52f84a35c3	N410	430	node_monotonic_same_invocation	721918749926	ns	db7517d89754	native_action	8	completed
c5-timing-event-v1	C5	native	measured	dynamic-html-derived-v1	282	1	ae0b5b0492f146408b5b0492f1c6409c	N400	400	node_monotonic_same_invocation	718890956697	ns	412815d5a6fc	native_action	8	started
c5-timing-event-v1	C5	native	measured	dynamic-html-derived-v1	282	1	ae0b5b0492f146408b5b0492f1c6409c	NW400	410	node_monotonic_same_invocation	718890969566	ns	412815d5a6fc	native_action	8	started
c5-timing-event-v1	C5	native	measured	dynamic-html-derived-v1	282	1	ae0b5b0492f146408b5b0492f1c6409c	NW410	420	node_monotonic_same_invocation	718900690272	ns	412815d5a6fc	native_action	8	completed
c5-timing-event-v1	C5	native	measured	dynamic-html-derived-v1	282	1	ae0b5b0492f146408b5b0492f1c6409c	N410	430	node_monotonic_same_invocation	718900701777	ns	412815d5a6fc	native_action	8	completed
c5-timing-event-v1	C5	native	measured	dynamic-html-derived-v1	283	1	15cdec03059e4eca8dec03059efeca19	N400	400	node_monotonic_same_invocation	718959514971	ns	412815d5a6fc	native_action	8	started
c5-timing-event-v1	C5	native	measured	dynamic-html-derived-v1	283	1	15cdec03059e4eca8dec03059efeca19	NW400	410	node_monotonic_same_invocation	718959528531	ns	412815d5a6fc	native_action	8	started
c5-timing-event-v1	C5	native	measured	dynamic-html-derived-v1	283	1	15cdec03059e4eca8dec03059efeca19	NW410	420	node_monotonic_same_invocation	718969604904	ns	412815d5a6fc	native_action	8	completed
c5-timing-event-v1	C5	native	measured	dynamic-html-derived-v1	283	1	15cdec03059e4eca8dec03059efeca19	N410	430	node_monotonic_same_invocation	718969618204	ns	412815d5a6fc	native_action	8	completed
c5-timing-event-v1	C5	native	measured	dynamic-html-derived-v1	284	1	c85ef326bf264f709ef326bf269f70e9	N400	400	node_monotonic_same_invocation	721994892049	ns	db7517d89754	native_action	8	started
c5-timing-event-v1	C5	native	measured	dynamic-html-derived-v1	284	1	c85ef326bf264f709ef326bf269f70e9	NW400	410	node_monotonic_same_invocation	721994897852	ns	db7517d89754	native_action	8	started
c5-timing-event-v1	C5	native	measured	dynamic-html-derived-v1	284	1	c85ef326bf264f709ef326bf269f70e9	NW410	420	node_monotonic_same_invocation	722004297742	ns	db7517d89754	native_action	8	completed
c5-timing-event-v1	C5	native	measured	dynamic-html-derived-v1	284	1	c85ef326bf264f709ef326bf269f70e9	N410	430	node_monotonic_same_invocation	722004304135	ns	db7517d89754	native_action	8	completed
c5-timing-event-v1	C5	native	measured	dynamic-html-derived-v1	285	1	7ae9b38b3ced423da9b38b3ced323dba	N400	400	node_monotonic_same_invocation	722063197687	ns	db7517d89754	native_action	8	started
c5-timing-event-v1	C5	native	measured	dynamic-html-derived-v1	285	1	7ae9b38b3ced423da9b38b3ced323dba	NW400	410	node_monotonic_same_invocation	722063204922	ns	db7517d89754	native_action	8	started
c5-timing-event-v1	C5	native	measured	dynamic-html-derived-v1	285	1	7ae9b38b3ced423da9b38b3ced323dba	NW410	420	node_monotonic_same_invocation	722073479843	ns	db7517d89754	native_action	8	completed
c5-timing-event-v1	C5	native	measured	dynamic-html-derived-v1	285	1	7ae9b38b3ced423da9b38b3ced323dba	N410	430	node_monotonic_same_invocation	722073487022	ns	db7517d89754	native_action	8	completed
c5-timing-event-v1	C5	native	measured	dynamic-html-derived-v1	286	1	a3b7406a2e534e54b7406a2e537e5490	N400	400	node_monotonic_same_invocation	722107511457	ns	db7517d89754	native_action	8	started
c5-timing-event-v1	C5	native	measured	dynamic-html-derived-v1	286	1	a3b7406a2e534e54b7406a2e537e5490	NW400	410	node_monotonic_same_invocation	722107517672	ns	db7517d89754	native_action	8	started
c5-timing-event-v1	C5	native	measured	dynamic-html-derived-v1	286	1	a3b7406a2e534e54b7406a2e537e5490	NW410	420	node_monotonic_same_invocation	722117447773	ns	db7517d89754	native_action	8	completed
c5-timing-event-v1	C5	native	measured	dynamic-html-derived-v1	286	1	a3b7406a2e534e54b7406a2e537e5490	N410	430	node_monotonic_same_invocation	722117454975	ns	db7517d89754	native_action	8	completed
c5-timing-event-v1	C5	native	measured	dynamic-html-derived-v1	287	1	1d339e22e9dd4d61b39e22e9dd5d6161	N400	400	node_monotonic_same_invocation	719075178072	ns	412815d5a6fc	native_action	8	started
c5-timing-event-v1	C5	native	measured	dynamic-html-derived-v1	287	1	1d339e22e9dd4d61b39e22e9dd5d6161	NW400	410	node_monotonic_same_invocation	719075190049	ns	412815d5a6fc	native_action	8	started
c5-timing-event-v1	C5	native	measured	dynamic-html-derived-v1	287	1	1d339e22e9dd4d61b39e22e9dd5d6161	NW410	420	node_monotonic_same_invocation	719085010659	ns	412815d5a6fc	native_action	8	completed
c5-timing-event-v1	C5	native	measured	dynamic-html-derived-v1	287	1	1d339e22e9dd4d61b39e22e9dd5d6161	N410	430	node_monotonic_same_invocation	719085022593	ns	412815d5a6fc	native_action	8	completed
c5-timing-event-v1	C5	native	measured	dynamic-html-derived-v1	288	1	24f073e3e4ec43adb073e3e4eca3ad82	N400	400	node_monotonic_same_invocation	722206965330	ns	db7517d89754	native_action	8	started
c5-timing-event-v1	C5	native	measured	dynamic-html-derived-v1	288	1	24f073e3e4ec43adb073e3e4eca3ad82	NW400	410	node_monotonic_same_invocation	722206972281	ns	db7517d89754	native_action	8	started
c5-timing-event-v1	C5	native	measured	dynamic-html-derived-v1	288	1	24f073e3e4ec43adb073e3e4eca3ad82	NW410	420	node_monotonic_same_invocation	722217139629	ns	db7517d89754	native_action	8	completed
c5-timing-event-v1	C5	native	measured	dynamic-html-derived-v1	288	1	24f073e3e4ec43adb073e3e4eca3ad82	N410	430	node_monotonic_same_invocation	722217146241	ns	db7517d89754	native_action	8	completed
c5-timing-event-v1	C5	native	measured	dynamic-html-derived-v1	289	1	0adfa29f80c74e149fa29f80c70e147b	N400	400	node_monotonic_same_invocation	719233280651	ns	412815d5a6fc	native_action	8	started
c5-timing-event-v1	C5	native	measured	dynamic-html-derived-v1	289	1	0adfa29f80c74e149fa29f80c70e147b	NW400	410	node_monotonic_same_invocation	719233292731	ns	412815d5a6fc	native_action	8	started
c5-timing-event-v1	C5	native	measured	dynamic-html-derived-v1	289	1	0adfa29f80c74e149fa29f80c70e147b	NW410	420	node_monotonic_same_invocation	719243068775	ns	412815d5a6fc	native_action	8	completed
c5-timing-event-v1	C5	native	measured	dynamic-html-derived-v1	289	1	0adfa29f80c74e149fa29f80c70e147b	N410	430	node_monotonic_same_invocation	719243080874	ns	412815d5a6fc	native_action	8	completed
c5-timing-event-v1	C5	native	measured	dynamic-html-derived-v1	290	1	e662b31fead84474a2b31fead85474bc	N400	400	node_monotonic_same_invocation	722265598408	ns	db7517d89754	native_action	8	started
c5-timing-event-v1	C5	native	measured	dynamic-html-derived-v1	290	1	e662b31fead84474a2b31fead85474bc	NW400	410	node_monotonic_same_invocation	722265604593	ns	db7517d89754	native_action	8	started
c5-timing-event-v1	C5	native	measured	dynamic-html-derived-v1	290	1	e662b31fead84474a2b31fead85474bc	NW410	420	node_monotonic_same_invocation	722274980950	ns	db7517d89754	native_action	8	completed
c5-timing-event-v1	C5	native	measured	dynamic-html-derived-v1	290	1	e662b31fead84474a2b31fead85474bc	N410	430	node_monotonic_same_invocation	722274987593	ns	db7517d89754	native_action	8	completed
c5-timing-event-v1	C5	native	measured	dynamic-html-derived-v1	291	1	4a0a0bab314146038a0bab3141c6031d	N400	400	node_monotonic_same_invocation	722358700348	ns	db7517d89754	native_action	8	started
c5-timing-event-v1	C5	native	measured	dynamic-html-derived-v1	291	1	4a0a0bab314146038a0bab3141c6031d	NW400	410	node_monotonic_same_invocation	722358706406	ns	db7517d89754	native_action	8	started
c5-timing-event-v1	C5	native	measured	dynamic-html-derived-v1	291	1	4a0a0bab314146038a0bab3141c6031d	NW410	420	node_monotonic_same_invocation	722368143185	ns	db7517d89754	native_action	8	completed
c5-timing-event-v1	C5	native	measured	dynamic-html-derived-v1	291	1	4a0a0bab314146038a0bab3141c6031d	N410	430	node_monotonic_same_invocation	722368149551	ns	db7517d89754	native_action	8	completed
c5-timing-event-v1	C5	native	measured	dynamic-html-derived-v1	292	1	732b11e912464057ab11e91246e0570d	N400	400	node_monotonic_same_invocation	722411775972	ns	db7517d89754	native_action	8	started
c5-timing-event-v1	C5	native	measured	dynamic-html-derived-v1	292	1	732b11e912464057ab11e91246e0570d	NW400	410	node_monotonic_same_invocation	722411782102	ns	db7517d89754	native_action	8	started
c5-timing-event-v1	C5	native	measured	dynamic-html-derived-v1	292	1	732b11e912464057ab11e91246e0570d	NW410	420	node_monotonic_same_invocation	722421170729	ns	db7517d89754	native_action	8	completed
c5-timing-event-v1	C5	native	measured	dynamic-html-derived-v1	292	1	732b11e912464057ab11e91246e0570d	N410	430	node_monotonic_same_invocation	722421177377	ns	db7517d89754	native_action	8	completed
c5-timing-event-v1	C5	native	measured	dynamic-html-derived-v1	293	1	aaa6c4fdfbd74095a6c4fdfbd790953b	N400	400	node_monotonic_same_invocation	722458550381	ns	db7517d89754	native_action	8	started
c5-timing-event-v1	C5	native	measured	dynamic-html-derived-v1	293	1	aaa6c4fdfbd74095a6c4fdfbd790953b	NW400	410	node_monotonic_same_invocation	722458556163	ns	db7517d89754	native_action	8	started
c5-timing-event-v1	C5	native	measured	dynamic-html-derived-v1	293	1	aaa6c4fdfbd74095a6c4fdfbd790953b	NW410	420	node_monotonic_same_invocation	722468374008	ns	db7517d89754	native_action	8	completed
c5-timing-event-v1	C5	native	measured	dynamic-html-derived-v1	293	1	aaa6c4fdfbd74095a6c4fdfbd790953b	N410	430	node_monotonic_same_invocation	722468381893	ns	db7517d89754	native_action	8	completed
c5-timing-event-v1	C5	native	measured	dynamic-html-derived-v1	294	1	2c113acda97348e8913acda973e8e844	N400	400	node_monotonic_same_invocation	722484880741	ns	db7517d89754	native_action	8	started
c5-timing-event-v1	C5	native	measured	dynamic-html-derived-v1	294	1	2c113acda97348e8913acda973e8e844	NW400	410	node_monotonic_same_invocation	722484886409	ns	db7517d89754	native_action	8	started
c5-timing-event-v1	C5	native	measured	dynamic-html-derived-v1	294	1	2c113acda97348e8913acda973e8e844	NW410	420	node_monotonic_same_invocation	722494818841	ns	db7517d89754	native_action	8	completed
c5-timing-event-v1	C5	native	measured	dynamic-html-derived-v1	294	1	2c113acda97348e8913acda973e8e844	N410	430	node_monotonic_same_invocation	722494825606	ns	db7517d89754	native_action	8	completed
c5-timing-event-v1	C5	native	measured	dynamic-html-derived-v1	295	1	baf6dc52c7bc4cdab6dc52c7bcbcda11	N400	400	node_monotonic_same_invocation	722539642463	ns	db7517d89754	native_action	8	started
c5-timing-event-v1	C5	native	measured	dynamic-html-derived-v1	295	1	baf6dc52c7bc4cdab6dc52c7bcbcda11	NW400	410	node_monotonic_same_invocation	722539648476	ns	db7517d89754	native_action	8	started
c5-timing-event-v1	C5	native	measured	dynamic-html-derived-v1	295	1	baf6dc52c7bc4cdab6dc52c7bcbcda11	NW410	420	node_monotonic_same_invocation	722549017337	ns	db7517d89754	native_action	8	completed
c5-timing-event-v1	C5	native	measured	dynamic-html-derived-v1	295	1	baf6dc52c7bc4cdab6dc52c7bcbcda11	N410	430	node_monotonic_same_invocation	722549023805	ns	db7517d89754	native_action	8	completed
c5-timing-event-v1	C5	native	measured	dynamic-html-derived-v1	296	1	e417fdb9b40c432d97fdb9b40c232d2b	N400	400	node_monotonic_same_invocation	722612234368	ns	db7517d89754	native_action	8	started
c5-timing-event-v1	C5	native	measured	dynamic-html-derived-v1	296	1	e417fdb9b40c432d97fdb9b40c232d2b	NW400	410	node_monotonic_same_invocation	722612239879	ns	db7517d89754	native_action	8	started
c5-timing-event-v1	C5	native	measured	dynamic-html-derived-v1	296	1	e417fdb9b40c432d97fdb9b40c232d2b	NW410	420	node_monotonic_same_invocation	722621589978	ns	db7517d89754	native_action	8	completed
c5-timing-event-v1	C5	native	measured	dynamic-html-derived-v1	296	1	e417fdb9b40c432d97fdb9b40c232d2b	N410	430	node_monotonic_same_invocation	722621596085	ns	db7517d89754	native_action	8	completed
c5-timing-event-v1	C5	native	measured	dynamic-html-derived-v1	297	1	c67c4e365d994a49bc4e365d99ca49e8	N400	400	node_monotonic_same_invocation	722675125533	ns	db7517d89754	native_action	8	started
c5-timing-event-v1	C5	native	measured	dynamic-html-derived-v1	297	1	c67c4e365d994a49bc4e365d99ca49e8	NW400	410	node_monotonic_same_invocation	722675131315	ns	db7517d89754	native_action	8	started
c5-timing-event-v1	C5	native	measured	dynamic-html-derived-v1	297	1	c67c4e365d994a49bc4e365d99ca49e8	NW410	420	node_monotonic_same_invocation	722684494288	ns	db7517d89754	native_action	8	completed
c5-timing-event-v1	C5	native	measured	dynamic-html-derived-v1	297	1	c67c4e365d994a49bc4e365d99ca49e8	N410	430	node_monotonic_same_invocation	722684500532	ns	db7517d89754	native_action	8	completed
c5-timing-event-v1	C5	native	measured	dynamic-html-derived-v1	298	1	7181e716a638428781e716a6380287f1	N400	400	node_monotonic_same_invocation	722727215041	ns	db7517d89754	native_action	8	started
c5-timing-event-v1	C5	native	measured	dynamic-html-derived-v1	298	1	7181e716a638428781e716a6380287f1	NW400	410	node_monotonic_same_invocation	722727220747	ns	db7517d89754	native_action	8	started
c5-timing-event-v1	C5	native	measured	dynamic-html-derived-v1	298	1	7181e716a638428781e716a6380287f1	NW410	420	node_monotonic_same_invocation	722736771584	ns	db7517d89754	native_action	8	completed
c5-timing-event-v1	C5	native	measured	dynamic-html-derived-v1	298	1	7181e716a638428781e716a6380287f1	N410	430	node_monotonic_same_invocation	722736778440	ns	db7517d89754	native_action	8	completed
c5-timing-event-v1	C5	native	measured	dynamic-html-derived-v1	299	1	a5f76010de77416eb76010de77c16eea	N400	400	node_monotonic_same_invocation	722786952262	ns	db7517d89754	native_action	8	started
c5-timing-event-v1	C5	native	measured	dynamic-html-derived-v1	299	1	a5f76010de77416eb76010de77c16eea	NW400	410	node_monotonic_same_invocation	722786958627	ns	db7517d89754	native_action	8	started
c5-timing-event-v1	C5	native	measured	dynamic-html-derived-v1	299	1	a5f76010de77416eb76010de77c16eea	NW410	420	node_monotonic_same_invocation	722796211248	ns	db7517d89754	native_action	8	completed
c5-timing-event-v1	C5	native	measured	dynamic-html-derived-v1	299	1	a5f76010de77416eb76010de77c16eea	N410	430	node_monotonic_same_invocation	722796217818	ns	db7517d89754	native_action	8	completed
c5-timing-event-v1	C5	native	measured	dynamic-html-derived-v1	300	1	333c0bbd70fd4a29bc0bbd70fd3a2982	N400	400	node_monotonic_same_invocation	722839288205	ns	db7517d89754	native_action	8	started
c5-timing-event-v1	C5	native	measured	dynamic-html-derived-v1	300	1	333c0bbd70fd4a29bc0bbd70fd3a2982	NW400	410	node_monotonic_same_invocation	722839293771	ns	db7517d89754	native_action	8	started
c5-timing-event-v1	C5	native	measured	dynamic-html-derived-v1	300	1	333c0bbd70fd4a29bc0bbd70fd3a2982	NW410	420	node_monotonic_same_invocation	722848675522	ns	db7517d89754	native_action	8	completed
c5-timing-event-v1	C5	native	measured	dynamic-html-derived-v1	300	1	333c0bbd70fd4a29bc0bbd70fd3a2982	N410	430	node_monotonic_same_invocation	722848682384	ns	db7517d89754	native_action	8	completed
